1 0.5042864583333333 0.2303703703703704 0.033083333333333326 0.09000925925925929
1 0.5270989583333333 0.21655555555555556 0.03057812500000002 0.0926851851851852
1 0.544390625 0.20140740740740742 0.03208333333333328 0.08376851851851849
1 0.46368229166666663 0.7160555555555556 0.04511458333333328 0.03653703703703707
1 0.532609375 0.6942222222222222 0.0456145833333333 0.04990740740740749
1 0.5834895833333333 0.6643611111111111 0.04411458333333324 0.04366666666666674
1 0.33861458333333333 0.6870925925925926 0.044614583333333374 0.04455555555555545
1 0.42859375 0.821212962962963 0.025062499999999942 0.07396296296296286
1 0.31856249999999997 0.8149722222222222 0.04360937500000001 0.0418888888888889
1 0.29926562500000004 0.8688888888888888 0.04411458333333336 0.04277777777777782
1 0.19700520833333332 0.9441851851851852 0.03809895833333332 0.043666666666666534
1 0.3070260416666667 0.025564814814814815 0.04229166666666669 0.031074074074074077