1 0.4778645833333333 0.7666666666666667 0.04114583333333333 0.09907407407407408
1 0.49895833333333334 0.7875 0.0390625 0.10092592592592593
1 0.5145833333333333 0.8078703703703703 0.03958333333333333 0.09259259259259259
1 0.48541666666666666 0.2759259259259259 0.04791666666666667 0.05
1 0.5510416666666667 0.3189814814814815 0.05 0.06296296296296296
1 0.5981770833333333 0.3638888888888889 0.04791666666666667 0.05648148148148148
1 0.359375 0.2657407407407407 0.0484375 0.05740740740740741
1 0.4609375 0.16157407407407406 0.03177083333333333 0.08055555555555556
1 0.35208333333333336 0.1337962962962963 0.046875 0.05462962962962963
1 0.33828125 0.07453703703703704 0.04739583333333333 0.05555555555555555
1 0.2635416666666667 0.9078703703703703 0.04479166666666667 0.04351851851851852