1 0.4669270833333333 0.23657407407407408 0.0421875 0.1
1 0.44296875 0.2310185185185185 0.04010416666666667 0.10092592592592593
1 0.4244791666666667 0.22175925925925927 0.040625 0.09351851851851851
1 0.5588541666666667 0.6995370370370371 0.0484375 0.05092592592592592
1 0.48880208333333336 0.7018518518518518 0.05 0.06481481481481481
1 0.4356770833333333 0.6898148148148148 0.04791666666666667 0.05740740740740741
1 0.6783854166666666 0.6287037037037037 0.0484375 0.05925925925925926
1 0.6046875 0.7912037037037037 0.03229166666666667 0.08148148148148149
1 0.7119791666666667 0.7476851851851852 0.04739583333333333 0.05555555555555555
1 0.73671875 0.7939814814814815 0.04791666666666667 0.05740740740740741
1 0.8450520833333334 0.8333333333333334 0.0421875 0.05555555555555555