1 0.0947265625 0.2141255605381166 0.099609375 0.10986547085201794
1 0.20654296875 0.30269058295964124 0.0625 0.12556053811659193
1 0.3037109375 0.35650224215246634 0.0546875 0.12556053811659193
1 0.3544921875 0.39461883408071746 0.05859375 0.1367713004484305
1 0.32958984375 0.5639013452914798 0.0751953125 0.09641255605381166
1 0.416015625 0.4439461883408072 0.0751953125 0.12780269058295965
1 0.47705078125 0.48878923766816146 0.07421875 0.13228699551569506
1 0.53466796875 0.5291479820627802 0.0625 0.11210762331838565
1 0.73486328125 0.5325112107623319 0.0810546875 0.10089686098654709
1 0.7392578125 0.4080717488789238 0.0654296875 0.13004484304932734
1 0.66015625 0.3486547085201794 0.0673828125 0.13452914798206278
1 0.85400390625 0.3419282511210762 0.1015625 0.10538116591928251
1 0.83203125 0.47085201793721976 0.076171875 0.12780269058295965
1 0.8955078125 0.5100896860986547 0.0830078125 0.12556053811659193