1 0.10986328125 0.11771300448430494 0.1025390625 0.13228699551569506
1 0.21728515625 0.23430493273542602 0.0673828125 0.13901345291479822
1 0.3115234375 0.31053811659192826 0.05859375 0.13452914798206278
1 0.3603515625 0.3609865470852018 0.0634765625 0.14798206278026907
1 0.32763671875 0.5224215246636771 0.078125 0.11434977578475336
1 0.4189453125 0.42376681614349776 0.0791015625 0.14349775784753363
1 0.4775390625 0.484304932735426 0.0791015625 0.14798206278026907
1 0.533203125 0.5369955156950673 0.0654296875 0.12556053811659193
1 0.73193359375 0.5885650224215246 0.083984375 0.11659192825112108
1 0.7421875 0.4663677130044843 0.0693359375 0.14349775784753363
1 0.666015625 0.38789237668161436 0.072265625 0.14798206278026907
1 0.85888671875 0.42713004484304934 0.103515625 0.12780269058295965
1 0.83154296875 0.5515695067264574 0.080078125 0.14349775784753363
1 0.89306640625 0.6042600896860987 0.0869140625 0.14349775784753363