1 0.08544921875 0.7038789237668162 0.09696289062500002 0.09127802690582967
1 0.2001953125 0.6374215246636772 0.05859375 0.11531390134529136
1 0.299248046875 0.6037892376681615 0.05022460937499995 0.11531390134529136
1 0.3512109375 0.5757623318385651 0.0537109375 0.12652466367712994
1 0.332724609375 0.40199551569506725 0.07254882812499996 0.08327354260089682
1 0.414345703125 0.5389237668161435 0.07115234375000001 0.11369955156950681
1 0.476767578125 0.5060762331838565 0.07044921874999999 0.11852017937219735
1 0.535712890625 0.4780493273542601 0.05859375 0.10089686098654709
1 0.73521484375 0.5148878923766815 0.078125 0.08488789237668165
1 0.73486328125 0.6390134529147982 0.0606835937500001 0.11852017937219735
1 0.653603515625 0.68304932735426 0.06278320312499996 0.12331838565022421
1 0.846474609375 0.7286995515695067 0.09834960937500004 0.08647982062780281
1 0.8297265625 0.5949775784753364 0.07184570312499994 0.11369955156950681
1 0.894599609375 0.5693497757847534 0.07881835937500004 0.1105156950672645