1 0.1435546875 0.8080586080586081 0.072265625 0.07179487179487179
1 0.35400390625 0.6293040293040293 0.0537109375 0.05128205128205128
1 0.4541015625 0.5230769230769231 0.03515625 0.04395604395604396
1 0.53466796875 0.4468864468864469 0.0439453125 0.04395604395604396
1 0.59130859375 0.3956043956043956 0.0302734375 0.0380952380952381
1 0.6630859375 0.32161172161172163 0.02734375 0.0336996336996337
1 0.74072265625 0.2564102564102564 0.0263671875 0.029304029304029304
1 0.804990234375 0.2061098901098901 0.01939941406250001 0.02041758241758242
1 0.852177734375 0.1683223443223443 0.018237304687499956 0.021282051282051292
1 0.8814208984375 0.14551648351648352 0.01997558593749993 0.023457875457875445
1 0.9138427734375 0.12358241758241759 0.014765624999999893 0.016937728937728942
1 0.934833984375 0.10859340659340659 0.014477539062500044 0.01564102564102566
1 0.9540869140625 0.09382417582417582 0.01302734374999992 0.016505494505494486
1 0.968564453125 0.08252747252747253 0.011870117187499973 0.016505494505494506
1 0.980576171875 0.07232234432234431 0.011000976562500098 0.013465201465201462