1 0.11328125 0.2893772893772894 0.07958984375 0.08937728937728938
1 0.34130859375 0.4106227106227106 0.05859375 0.06446886446886448
1 0.4521484375 0.48937728937728936 0.03955078125 0.05274725274725275
1 0.540283203125 0.5432234432234432 0.04833984375 0.054945054945054944
1 0.60205078125 0.5791208791208792 0.0341796875 0.04542124542124542
1 0.68115234375 0.6333333333333333 0.03076171875 0.040293040293040296
1 0.76513671875 0.6772893772893773 0.029296875 0.035897435897435895
1 0.83447265625 0.7098901098901099 0.021484375 0.02490842490842491
1 0.88525390625 0.7347985347985349 0.0205078125 0.02564102564102564
1 0.916748046875 0.7498168498168498 0.0224609375 0.02857142857142857
1 0.951171875 0.763003663003663 0.0166015625 0.020512820512820513
1 0.9736328125 0.7721611721611722 0.01611328125 0.01904761904761905
1 0.993408203125 0.7813186813186813 0.01318359375 0.01978021978021978