1 0.1435546875 0.19194139194139195 0.072265625 0.07179487179487179
1 0.35400390625 0.3706959706959707 0.0537109375 0.05128205128205128
1 0.4541015625 0.47692307692307695 0.03515625 0.04395604395604396
1 0.53466796875 0.5531135531135531 0.0439453125 0.04395604395604396
1 0.59130859375 0.6043956043956044 0.0302734375 0.0380952380952381
1 0.6630859375 0.6783882783882784 0.02734375 0.0336996336996337
1 0.74072265625 0.7435897435897436 0.0263671875 0.029304029304029304
1 0.804931640625 0.7937728937728937 0.01953125 0.020512820512820513
1 0.852294921875 0.8315018315018315 0.01806640625 0.021245421245421246
1 0.88134765625 0.8545787545787545 0.02001953125 0.023443223443223443
1 0.913818359375 0.8765567765567766 0.0146484375 0.01684981684981685
1 0.934814453125 0.8915750915750916 0.0146484375 0.015384615384615385
1 0.9541015625 0.9062271062271062 0.01318359375 0.01684981684981685
1 0.968505859375 0.9175824175824175 0.01171875 0.01684981684981685
1 0.98046875 0.9278388278388279 0.01123046875 0.013186813186813187