1 0.36346666666666666 0.7262375 0.05840833333333336 0.2385624999999999
1 0.4166 0.733625 0.05489166666666667 0.2385624999999999
1 0.47008333333333335 0.7357375 0.04925833333333325 0.24067499999999994
1 0.526025 0.7373125 0.04292499999999999 0.23961250000000006
1 0.5805666666666667 0.733625 0.04785000000000006 0.2448875000000001
1 0.6277083333333333 0.7267625 0.05066666666666663 0.24595
1 0.383175 0.5172249999999999 0.1076666666666666 0.07388750000000002
1 0.525325 0.5193375 0.10907500000000009 0.07599999999999994
1 0.5274333333333333 0.34095 0.10484999999999994 0.06333749999999995
1 0.7230666666666666 0.9326000000000001 0.03729999999999999 0.11506249999999994
1 0.7037166666666667 0.6534 0.03659166666666674 0.09288749999999993
1 0.744525 0.6555124999999999 0.04081666666666668 0.09711250000000007
1 0.7888583333333333 0.6465375 0.04222500000000006 0.0939500000000001
1 0.71145 0.7842874999999999 0.0394083333333333 0.10556250000000006
1 0.7540250000000001 0.7827 0.04292499999999999 0.10872500000000002
1 0.6935083333333334 0.354675 0.11470833333333341 0.06333749999999995
1 0.84305 0.35731250000000003 0.11681666666666672 0.06438749999999999
1 0.9503750000000001 0.3631125 0.09924999999999992 0.06122500000000002
1 0.8581749999999999 0.5230375 0.11751666666666666 0.06650000000000006
1 0.9581166666666667 0.526725 0.08376666666666666 0.06756249999999994
1 0.67345 0.208475 0.03377499999999998 0.11927500000000002
1 0.7174333333333333 0.202675 0.04151666666666661 0.12033749999999997
1 0.7554333333333333 0.20425000000000001 0.04151666666666661 0.11716250000000002
1 0.7944916666666667 0.20583749999999998 0.04081666666666668 0.11611249999999998
1 0.828975 0.20477499999999998 0.04081666666666668 0.11399999999999999
1 0.8666250000000001 0.20477499999999998 0.041516666666666806 0.11399999999999999
1 0.9127166666666666 0.2032 0.04363333333333344 0.11506250000000001
1 0.9616250000000001 0.20477499999999998 0.041516666666666806 0.11611249999999998
1 0.7350249999999999 0.045387500000000004 0.04151666666666661 0.09077500000000001
1 0.7811250000000001 0.0443375 0.03659166666666674 0.0886625
1 0.8208833333333333 0.0406375 0.03870833333333337 0.081275
1 0.8585333333333334 0.0406375 0.03659166666666654 0.081275
1 0.8979166666666667 0.03875 0.035833333333333335 0.0775