1 0.39458333333333334 0.76125 0.0875 0.25125
1 0.4479166666666667 0.753125 0.08416666666666667 0.25
1 0.5004166666666666 0.74 0.07916666666666666 0.25
1 0.5558333333333333 0.725625 0.0725 0.2475
1 0.60875 0.70625 0.07833333333333334 0.25375
1 0.6541666666666667 0.68625 0.08083333333333333 0.25625
1 0.3875 0.550625 0.115 0.10375
1 0.5275 0.511875 0.11666666666666667 0.10625
1 0.5066666666666667 0.33625 0.11083333333333334 0.0925
1 0.7741666666666667 0.860625 0.051666666666666666 0.12375
1 0.7195833333333334 0.5925 0.0475 0.10125
1 0.76 0.5825 0.0525 0.1075
1 0.8020833333333334 0.56125 0.05333333333333334 0.10375
1 0.74375 0.71875 0.0525 0.115
1 0.7854166666666667 0.705 0.05583333333333333 0.11875
1 0.6716666666666666 0.301875 0.12083333333333333 0.095
1 0.81875 0.261875 0.1225 0.09625
1 0.9245833333333333 0.236875 0.105 0.08875
1 0.8545833333333334 0.42 0.12416666666666666 0.09875
1 0.9529166666666666 0.395 0.09083333333333334 0.09
1 0.6333333333333333 0.164375 0.04833333333333333 0.12625
1 0.6754166666666667 0.145625 0.05583333333333333 0.13
1 0.7129166666666666 0.136875 0.05583333333333333 0.1275
1 0.7516666666666667 0.126875 0.055 0.12625
1 0.7854166666666667 0.11625 0.05416666666666667 0.12375
1 0.8225 0.105 0.055 0.12375
1 0.8675 0.090625 0.0575 0.125
1 0.9154166666666667 0.078125 0.05583333333333333 0.12625
1 0.6729166666666667 0.018125 0.0525 0.03625
1 0.7179166666666666 0.010625 0.0475 0.02125