1 0.6229166666666667 0.256875 0.07166666666666667 0.245
1 0.5695833333333333 0.25625 0.06833333333333333 0.245
1 0.51625 0.26125 0.06333333333333334 0.24625
1 0.46041666666666664 0.266875 0.056666666666666664 0.24375
1 0.40625 0.2775 0.06166666666666667 0.25
1 0.3595833333333333 0.290625 0.065 0.25125
1 0.6154166666666666 0.4675 0.11166666666666666 0.0875
1 0.47375 0.48375 0.11333333333333333 0.09
1 0.4820833333333333 0.661875 0.10833333333333334 0.07625
1 0.2525 0.098125 0.04416666666666667 0.12
1 0.28833333333333333 0.37375 0.041666666666666664 0.0975
1 0.2475 0.376875 0.04666666666666667 0.1025
1 0.20375 0.391875 0.0475 0.09875
1 0.27291666666666664 0.244375 0.045 0.11
1 0.23041666666666666 0.251875 0.049166666666666664 0.11375
1 0.31583333333333335 0.67 0.11833333333333333 0.0775
1 0.16666666666666666 0.686875 0.12 0.08
1 0.059166666666666666 0.695 0.1025 0.07375
1 0.14166666666666666 0.52375 0.12083333333333333 0.08125
1 0.042916666666666665 0.533125 0.08583333333333333 0.07875
1 0.3441666666666667 0.813125 0.04083333333333333 0.12375
1 0.30083333333333334 0.824375 0.04833333333333333 0.125
1 0.2629166666666667 0.828125 0.04833333333333333 0.1225
1 0.22375 0.83125 0.0475 0.12125
1 0.18958333333333333 0.836875 0.0475 0.11875
1 0.15208333333333332 0.841875 0.04833333333333333 0.11875
1 0.10625 0.849375 0.05 0.12
1 0.05708333333333333 0.854375 0.04833333333333333 0.12125
1 0.2916666666666667 0.9675 0.04666666666666667 0.065
1 0.24583333333333332 0.971875 0.041666666666666664 0.05625
1 0.20666666666666667 0.978125 0.043333333333333335 0.04375
1 0.16958333333333334 0.980625 0.04083333333333333 0.03875
1 0.13 0.985 0.04 0.03