1 0.6548250265111347 0.5871819038642789 0.0503711558854719 0.10273327049952875
1 0.7205726405090138 0.5640904806786051 0.056733828207847295 0.10933081998114987
1 0.7799575821845175 0.5424128180961357 0.05143160127253447 0.0942507068803016
1 0.8374867444326617 0.5056550424128181 0.07476139978791092 0.11875589066918002
1 0.5980911983032874 0.6041470311027333 0.05143160127253447 0.10933081998114987
1 0.644220572640509 0.6625824693685203 0.0440084835630965 0.08953817153628653
1 0.693001060445387 0.6875589066918002 0.04559915164369035 0.08765315739868049
1 0.6823966065747614 0.7676720075400566 0.049310710498409335 0.10084825636192271
1 0.7515906680805938 0.6606974552309143 0.049310710498409335 0.08199811498586239
1 0.7261399787910923 0.7577756833176249 0.039766702014846236 0.06597549481621112
1 0.7120890774125133 0.8327049952874647 0.03499469777306469 0.05937794533459001
1 0.6911452810180275 0.8953817153628653 0.037645811240721104 0.06220546654099906
1 0.6638388123011665 0.8308199811498587 0.02916224814422057 0.0527803958529689
1 0.633881230116649 0.7417530631479736 0.0440084835630965 0.0942507068803016
1 0.6246023329798516 0.8440150801131009 0.03711558854718982 0.08576814326107446
1 0.6129374337221634 0.9340245051837889 0.03923647932131495 0.07257304429783223
1 0.5962354188759279 0.6918001885014138 0.03870625662778367 0.07540056550424128
1 0.5965005302226936 0.7615457115928369 0.04188759278897137 0.08199811498586239
1 0.5909331919406151 0.8501413760603205 0.036585365853658534 0.07728557964184732
1 0.587221633085896 0.913760603204524 0.031813361611876985 0.06597549481621112
1 0.5540827147401909 0.8760603204524033 0.03817603393425239 0.09142318567389256
1 0.5524920466595971 0.8016022620169652 0.0344644750795334 0.06597549481621112
1 0.5506362672322376 0.732799245994345 0.0344644750795334 0.07540056550424128
1 0.5474549310710498 0.6399622997172478 0.04029692470837752 0.08671065032987747
1 0.4931071049840933 0.6767200754005656 0.042417815482502653 0.10650329877474081
1 0.5018557794273595 0.7690857681432611 0.03923647932131495 0.09236569274269557
1 0.5071580063626723 0.8520263901979265 0.03340402969247084 0.07728557964184732
1 0.5116648992576882 0.9222431668237512 0.030752916224814422 0.07728557964184732
1 0.4355779427359491 0.6922714420358153 0.0440084835630965 0.0885956644674835
1 0.37751855779427357 0.7257304429783223 0.045068928950159064 0.08294062205466542
1 0.39262990455991514 0.7907634307257304 0.04029692470837752 0.07728557964184732
1 0.405355249204666 0.8482563619227145 0.03817603393425239 0.06786050895381715
1 0.41675503711558853 0.9000942507068803 0.032873806998939555 0.057492931196983975
1 0.42497348886532343 0.9410933081998115 0.030752916224814422 0.05372290292177191
1 0.4337221633085896 0.9773798303487277 0.030752916224814422 0.04524033930254477
1 0.3215800636267232 0.7507068803016023 0.05249204665959703 0.0942507068803016
1 0.33854718981972426 0.8147973609802074 0.04772004241781548 0.07917059377945335
1 0.3544538706256628 0.8675777568331763 0.0440084835630965 0.0706880301602262
1 0.36744432661717924 0.9151743638077285 0.039766702014846236 0.06314797360980208
1 0.37751855779427357 0.9557021677662583 0.0408271474019088 0.057492931196983975
1 0.3883881230116649 0.9835061262959472 0.03552492046659597 0.03298774740810556
1 0.34278897136797454 0.9929311969839774 0.02704135737009544 0.01413760603204524
1 0.2659066808059385 0.7704995287464655 0.047189819724284196 0.08576814326107446
1 0.2871155885471898 0.8294062205466541 0.042417815482502653 0.07445805843543826
1 0.30593849416755037 0.8845428840716305 0.03711558854718982 0.06220546654099906
1 0.32264050901378577 0.9326107445805843 0.03499469777306469 0.057492931196983975
1 0.3353658536585366 0.9745523091423186 0.031813361611876985 0.05089538171536286
1 0.1370625662778367 0.8539114043355325 0.07423117709437964 0.1347785108388313
1 0.10047720042417815 0.8779453345900095 0.07582184517497349 0.13666352497643733
1 0.1906150583244963 0.9283694627709708 0.06733828207847296 0.12629594721960416
1 0.1574761399787911 0.9467483506126296 0.06574761399787911 0.10650329877474081
1 0.23674443266171794 0.971253534401508 0.0535524920466596 0.057492931196983975
1 0.25556733828207845 0.9128180961357211 0.03870625662778367 0.0706880301602262
1 0.19883351007423117 0.8053722902921772 0.049310710498409335 0.09613572101790764
1 0.23223753976670203 0.8675777568331763 0.042417815482502653 0.08671065032987747
1 0.9058854718981972 0.4849198868991517 0.06574761399787911 0.11027332704995288
1 0.9451219512195121 0.4717247879359095 0.0689289501590668 0.10650329877474081
1 0.870625662778367 0.617813383600377 0.05461293743372216 0.09142318567389256
1 0.8443796394485684 0.7158341187558906 0.047189819724284196 0.07728557964184732
1 0.8181336161187699 0.7917059377945335 0.04294803817603393 0.06974552309142319
1 0.8027571580063627 0.8562676720075401 0.036055143160127257 0.05937794533459001
1 0.806203605514316 0.6116870876531574 0.06256627783669141 0.10367577756833177
1 0.7815482502651113 0.6965127238454288 0.051961823966065745 0.08953817153628653