1 0.6500530222693531 0.6112158341187559 0.04665959703075292 0.09896324222431668
1 0.7165959703075292 0.5980207351555137 0.0535524920466596 0.10367577756833177
1 0.7767762460233298 0.5857681432610744 0.048250265111346766 0.08953817153628653
1 0.8361611876988335 0.5579641847313855 0.07104984093319194 0.11027332704995288
1 0.5925238600212089 0.6192271442035815 0.047189819724284196 0.1055607917059378
1 0.6357370095440085 0.6842601319509897 0.0408271474019088 0.08576814326107446
1 0.6829268292682927 0.7167766258246937 0.04294803817603393 0.08294062205466542
1 0.6686108165429481 0.7945334590009425 0.04612937433722163 0.09613572101790764
1 0.7425768822905621 0.6988689915174364 0.047189819724284196 0.07728557964184732
1 0.7126193001060446 0.7917059377945335 0.037645811240721104 0.06220546654099906
1 0.6948568398727466 0.8642789820923656 0.03340402969247084 0.05560791705937795
1 0.6712619300106044 0.9236569274269557 0.03552492046659597 0.057492931196983975
1 0.647136797454931 0.8548539114043355 0.027571580063626724 0.04995287464655985
1 0.6214209968186638 0.7615457115928369 0.04029692470837752 0.09048067860508954
1 0.6073700954400848 0.8623939679547596 0.033934252386002124 0.08294062205466542
1 0.5911983032873807 0.9495758718190387 0.036585365853658534 0.06880301602262016
1 0.5864262990455992 0.705937794533459 0.036055143160127257 0.07257304429783223
1 0.5832449628844114 0.7752120640904807 0.03870625662778367 0.07822808671065033
1 0.5734358430540827 0.8628652214891611 0.033934252386002124 0.07445805843543826
1 0.5665429480381761 0.9255419415645617 0.02916224814422057 0.06314797360980208
1 0.5355249204665959 0.883129123468426 0.03499469777306469 0.0885956644674835
1 0.5373806998939554 0.8086710650329878 0.03234358430540827 0.06314797360980208
1 0.5389713679745494 0.739396795475966 0.031813361611876985 0.07257304429783223
1 0.5402969247083775 0.646559849198869 0.03711558854718982 0.08294062205466542
1 0.48435843054082717 0.6748350612629594 0.03817603393425239 0.10367577756833177
1 0.48886532343584305 0.7686145146088595 0.036055143160127257 0.08953817153628653
1 0.48966065747613996 0.851555136663525 0.030222693531283137 0.07445805843543826
1 0.4909862142099682 0.9227144203581527 0.028101802757158005 0.07445805843543826
1 0.42656415694591726 0.6814326107445806 0.0408271474019088 0.08482563619227144
1 0.3669141039236479 0.705937794533459 0.042417815482502653 0.07917059377945335
1 0.3788441145281018 0.7728557964184731 0.037645811240721104 0.07351555136663525
1 0.3886532343584305 0.8322337417530632 0.036055143160127257 0.0640904806786051
1 0.39740190880169673 0.885956644674835 0.03128313891834571 0.05372290292177191
1 0.4037645811240721 0.9278982092365693 0.02863202545068929 0.04995287464655985
1 0.41065747613997877 0.9679547596606974 0.02916224814422057 0.0471253534401508
1 0.4162248144220573 0.9915174363807728 0.026511134676564158 0.016965127238454288
1 0.309915164369035 0.7224316682375118 0.04984093319194061 0.08953817153628653
1 0.32370095440084834 0.7888784165881244 0.04559915164369035 0.07445805843543826
1 0.33695652173913043 0.8435438265786993 0.04188759278897137 0.06597549481621112
1 0.3475609756097561 0.8930254476908577 0.037645811240721104 0.058435438265786996
1 0.3555143160127253 0.9349670122525919 0.03923647932131495 0.0527803958529689
1 0.3647932131495228 0.9750235626767201 0.033934252386002124 0.04995287464655985
1 0.3181336161187699 0.9806786050895382 0.02545068928950159 0.03864278982092366
1 0.25344644750795337 0.7332704995287465 0.044538706256627786 0.08105560791705937
1 0.2717391304347826 0.7954759660697456 0.04029692470837752 0.06974552309142319
1 0.28791092258748674 0.853440150801131 0.03552492046659597 0.058435438265786996
1 0.30196182396606575 0.9033930254476908 0.032873806998939555 0.05372290292177191
1 0.31283138918345704 0.9472196041470311 0.030222693531283137 0.0471253534401508
1 0.12115588547189819 0.7964184731385485 0.06998939554612937 0.12723845428840716
1 0.0835100742311771 0.8143261074458058 0.07158006362672323 0.1291234684260132
1 0.1709968186638388 0.8788878416588124 0.0630965005302227 0.11969839773798303
1 0.1365323435843054 0.8963242224316682 0.06203605514316013 0.10933081998114987
1 0.21367974549310711 0.9500471253534402 0.0503711558854719 0.09519321394910461
1 0.2391304347826087 0.9783223374175306 0.04559915164369035 0.043355325164938736
1 0.23621420996818665 0.8732327992459944 0.036585365853658534 0.06691800188501414
1 0.18504772004241782 0.7577756833176249 0.04612937433722163 0.09142318567389256
1 0.21527041357370094 0.824693685202639 0.039766702014846236 0.08294062205466542
1 0.9050901378579003 0.5475966069745523 0.06256627783669141 0.10273327049952875
1 0.944591728525981 0.5409990574929312 0.0662778366914104 0.09896324222431668
1 0.8634676564156946 0.6748350612629594 0.051961823966065745 0.08576814326107446
1 0.8324496288441146 0.7681432610744581 0.044538706256627786 0.07163053722902922
1 0.8024920466595971 0.8397737983034873 0.0408271474019088 0.06503298774740811
1 0.7841993637327678 0.9019792648444863 0.0344644750795334 0.05560791705937795
1 0.799575821845175 0.6588124410933082 0.05938494167550371 0.09707822808671066
1 0.7706786850477201 0.739396795475966 0.049310710498409335 0.08388312912346843