1 0.36155885471898197 0.3485673892554194 0.039427359490986164 0.08872761545711591
1 0.29466065747614 0.34296889726672947 0.04572110286320256 0.09245051837888787
1 0.234050901378579 0.33850141376060316 0.041945917285259815 0.07902921771913292
1 0.17320254506892896 0.3493119698397738 0.0637645811240721 0.09411875589066919
1 0.41911983032873806 0.35659754948162115 0.039528101802757135 0.09544769085768141
1 0.38220572640509015 0.2803770028275212 0.03430540827147404 0.07688972667295009
1 0.3383934252386002 0.2349764373232799 0.03691410392364788 0.07357210179076348
1 0.3594591728525981 0.1620640904806786 0.038780487804878104 0.08683317624882186
1 0.27779957582184517 0.23596606974552312 0.041765641569459167 0.06628652214891616
1 0.3156468716861081 0.1527803958529689 0.03318663838812297 0.053685202639019776
1 0.33951219512195124 0.08616399622997173 0.029459172852598064 0.0477191328934967
1 0.36822375397667023 0.03413760603204524 0.03169671261930009 0.04970782280867107
1 0.38593319194061504 0.10869934024505183 0.02386532343584305 0.04375117813383599
1 0.4030858960763521 0.20812441093308198 0.03355779427359489 0.08218661639962303
1 0.4258324496288441 0.1123468426013195 0.027592788971367955 0.07622054665409991
1 0.44951219512195123 0.03049010367577757 0.03169671261930009 0.06098020735155514
1 0.4327306468716861 0.2727521206409048 0.03094909862142094 0.06429783223374178
1 0.4420519618239661 0.2048162111215834 0.03318663838812297 0.07026390197926485
1 0.45939554612937433 0.12096135721017907 0.028340402969247107 0.06694627709707826
1 0.47169671261930013 0.06098020735155514 0.024612937433722202 0.057002827521206396
1 0.4987327677624602 0.1116870876531574 0.027963944856839878 0.08152686145146089
1 0.49015376458112403 0.18492931196983978 0.027963944856839878 0.05567389255419415
1 0.48251325556733826 0.2525353440150801 0.02610286320254508 0.06628652214891616
1 0.4730010604453871 0.3440056550424128 0.03094909862142094 0.07556079170593775
1 0.5308006362672322 0.3317436380772856 0.030201484623541906 0.09610744580584357
1 0.5347136797454931 0.23795475966069746 0.02908271474019083 0.08218661639962299
1 0.5410551431601271 0.15542884071630536 0.024612937433722202 0.06827521206409048
1 0.5460869565217392 0.08517436380772857 0.021998939554612823 0.0695947219604147
1 0.588594909862142 0.34102733270499525 0.03467656415694596 0.07622054665409991
1 0.6495652173913044 0.33373232799245994 0.03654294803817607 0.06959472196041473
1 0.6437857900318134 0.2641376060320452 0.03243902439024381 0.06561734213006598
1 0.6391251325556734 0.20282752120640904 0.031320254506892985 0.05567389255419415
1 0.6352067868504772 0.14748350612629593 0.027221633085896153 0.047059377945334595
1 0.6327836691410392 0.10406220546654099 0.025355249204666048 0.04375117813383602
1 0.6294273594909862 0.06263901979264844 0.02610286320254508 0.04043355325164939
1 0.6268186638388124 0.027841658812441092 0.02386532343584317 0.030490103675777577
1 0.7073594909862142 0.3334024505183789 0.04325556733828204 0.07820923656927428
1 0.6995281018027572 0.26380772855796414 0.040270413573700856 0.0636286522148916
1 0.6913255567338281 0.20580584354382658 0.0372905620360551 0.05634307257304427
1 0.6851749734888654 0.15410933081998116 0.033934252386002124 0.04970782280867107
1 0.6808854718981973 0.1106880301602262 0.03579533404029704 0.04375117813383602
1 0.6752916224814421 0.06827521206409048 0.03057794273594914 0.04242224316682374
1 0.7219034994697773 0.07324222431668237 0.022375397667020052 0.037785108388312914
1 0.7640402969247084 0.3383694627709708 0.03878048780487798 0.07092365692742696
1 0.7515482502651114 0.2717624882186616 0.035424178154825 0.06098020735155518
1 0.7405461293743373 0.21011310084825638 0.031320254506892985 0.050377002827521195
1 0.7310392364793213 0.1567577756833176 0.029459172852598064 0.04573044297832232
1 0.7243266171792152 0.11035815268614516 0.027221633085896153 0.040433553251649365
1 0.9003287380699894 0.3125259189443921 0.060779427359491045 0.11201696512723848
1 0.9391092258748674 0.3052309142318568 0.06226935312831392 0.1133459000942507
1 0.8583775185577943 0.2174081055607917 0.054443266171792064 0.10605089538171535
1 0.8938016967126193 0.20945334590009426 0.054443266171792064 0.09544769085768141
1 0.8223966065747614 0.13488218661639964 0.043626723223754084 0.08417530631479736
1 0.8018875927889713 0.07655984919886899 0.03915164369035003 0.08019792648444864
1 0.7933085896076353 0.20448633364750238 0.03169671261930021 0.05899151743638075
1 0.8337698833510074 0.3330725730442978 0.03952810180275725 0.08152686145146089
1 0.8099045599151644 0.2585014137606032 0.03355779427359489 0.07424128180961355
1 0.10411452810180276 0.3401225259189444 0.05515906680805937 0.08892554194156459
1 0.06435312831389184 0.33594721960414703 0.059432661717921546 0.08360980207351558
1 0.1564952279957582 0.22611687087653157 0.04617709437963947 0.07372290292177189
1 0.19519088016967126 0.142507068803016 0.039766702014846236 0.061564561734213
1 0.23110816542948037 0.0801885014137606 0.03634676564156943 0.055485391140433556
1 0.2546235418875928 0.023939679547596605 0.030360551431601268 0.04787935909519321
1 0.21818663838812302 0.25991517436380773 0.05296394485683987 0.08316682375117815
1 0.2536055143160127 0.18829406220546654 0.043213149522799574 0.07277097078228084