1 0.17096428571428568 0.9417899249732048 0.06837857142857144 0.03542336548767412
1 0.45384285714285716 0.8907609860664524 0.06486428571428568 0.04401929260450154
1 0.6212928571428571 0.6884673097534835 0.03777142857142865 0.06590568060021437
1 0.53035 0.5117256162915327 0.036107142857142824 0.04280814576634506
1 0.46685000000000004 0.35476956055734193 0.03129999999999995 0.034973204715969985
1 0.40135714285714286 0.2855948553054662 0.030535714285714284 0.032968917470525175
1 0.35569285714285714 0.20427652733118973 0.0284714285714285 0.031468381564844605
1 0.3719357142857143 0.15707395498392285 0.024771428571428618 0.028049303322615238
1 0.3475 0.10816720257234727 0.025657142857142826 0.02689174705251876
1 0.3171785714285714 0.16897106109324758 0.02568571428571431 0.029710610932475852
1 0.3046357142857143 0.12341907824222938 0.02472142857142858 0.028070739549839227
1 0.2861285714285714 0.09254019292604503 0.02576428571428575 0.026484458735262603
1 0.2634214285714286 0.06758842443729904 0.033485714285714285 0.02491961414790997