1 0.18142857142857144 0.9587352625937835 0.06928571428571428 0.03858520900321544
1 0.46285714285714286 0.8928188638799571 0.06571428571428571 0.04715969989281887
1 0.6257142857142857 0.6822079314040729 0.039285714285714285 0.06752411575562701
1 0.5307142857142857 0.5101822079314041 0.037142857142857144 0.04501607717041801
1 0.4635714285714286 0.35637727759914256 0.03214285714285714 0.03644158628081458
1 0.3964285714285714 0.2909967845659164 0.03142857142857143 0.03429796355841372
1 0.3489285714285714 0.21221864951768488 0.029285714285714286 0.03322615219721329
1 0.36392857142857143 0.1639871382636656 0.025714285714285714 0.028938906752411574
1 0.3385714285714286 0.11629153269024652 0.02642857142857143 0.027867095391211148
1 0.30964285714285716 0.1789924973204716 0.02642857142857143 0.031082529474812434
1 0.2960714285714286 0.1339764201500536 0.025714285714285714 0.028938906752411574
1 0.2767857142857143 0.10396570203644159 0.02642857142857143 0.027867095391211148
1 0.25357142857142856 0.08038585209003216 0.03428571428571429 0.02679528403001072