1 0.1657142857142857 0.9330117899249732 0.06857142857142857 0.03751339764201501
1 0.4492857142857143 0.8896034297963559 0.06571428571428571 0.04608788853161844
1 0.6189285714285714 0.6918542336548767 0.03857142857142857 0.06645230439442658
1 0.5303571428571429 0.5123258306538049 0.03642857142857143 0.04394426580921758
1 0.4685714285714286 0.3536977491961415 0.03142857142857143 0.03536977491961415
1 0.4039285714285714 0.2829581993569132 0.030714285714285715 0.03429796355841372
1 0.35928571428571426 0.20042872454448016 0.02857142857142857 0.03215434083601286
1 0.37607142857142856 0.15380493033226153 0.025 0.028938906752411574
1 0.35214285714285715 0.10396570203644159 0.025714285714285714 0.027867095391211148
1 0.32107142857142856 0.1639871382636656 0.025714285714285714 0.030010718113612004
1 0.30892857142857144 0.11843515541264737 0.025 0.028938906752411574
1 0.2910714285714286 0.08681672025723473 0.025714285714285714 0.02679528403001072
1 0.26857142857142857 0.06162915326902465 0.03357142857142857 0.02572347266881029