1 0.05908203125 0.7517361111111112 0.07763671875 0.059027777777777776
1 0.24609375 0.6857638888888888 0.07958984375 0.06076388888888889
1 0.37353515625 0.6245659722222222 0.07421875 0.059895833333333336
1 0.53125 0.5325520833333334 0.07177734375 0.05555555555555555
1 0.6513671875 0.4474826388888889 0.0810546875 0.06510416666666667
1 0.753662109375 0.375 0.07275390625 0.05381944444444445
1 0.82373046875 0.3151041666666667 0.07275390625 0.05555555555555555
1 0.894287109375 0.2769097222222222 0.07763671875 0.052083333333333336
1 0.40869140625 0.3298611111111111 0.07080078125 0.05295138888888889
1 0.296142578125 0.3532986111111111 0.048828125 0.04600694444444445
1 0.387451171875 0.296875 0.056640625 0.058159722222222224
1 0.50830078125 0.23307291666666666 0.02197265625 0.03211805555555555
1 0.289306640625 0.3198784722222222 0.03271484375 0.04774305555555555