1 0.0830078125 0.8580729166666666 0.080078125 0.0763888888888889
1 0.26318359375 0.7465277777777778 0.08203125 0.07899305555555555
1 0.384521484375 0.6545138888888888 0.0771484375 0.0763888888888889
1 0.53369140625 0.5247395833333334 0.07373046875 0.0720486111111111
1 0.645751953125 0.4105902777777778 0.08349609375 0.08333333333333333
1 0.741455078125 0.3133680555555556 0.07470703125 0.07118055555555555
1 0.80615234375 0.2365451388888889 0.07470703125 0.0720486111111111
1 0.873046875 0.1814236111111111 0.07958984375 0.0703125
1 0.396240234375 0.3537326388888889 0.07275390625 0.06944444444444445
1 0.28662109375 0.4049479166666667 0.05078125 0.05642361111111111
1 0.372802734375 0.3268229166666667 0.0595703125 0.0703125
1 0.4873046875 0.23350694444444445 0.02392578125 0.036458333333333336
1 0.277099609375 0.3736979166666667 0.03515625 0.0546875