1 0.9498000000000001 0.6963222222222223 0.07585312500000008 0.049411111111111024
1 0.760475 0.6536833333333334 0.07752500000000007 0.051244444444444426
1 0.631078125 0.6086111111111111 0.0726 0.05068888888888898
1 0.469990625 0.5365666666666667 0.06989062499999998 0.04690000000000004
1 0.34705625 0.4663277777777778 0.07884374999999999 0.055172222222222324
1 0.24195624999999998 0.4065777777777778 0.07115937500000002 0.045538888888888844
1 0.169753125 0.35557777777777777 0.07089062499999998 0.047133333333333326
1 0.09788437500000002 0.3262833333333333 0.076121875 0.043072222222222206
1 0.5844343750000001 0.31876666666666664 0.0690187499999999 0.04452777777777782
1 0.69768125 0.32822777777777773 0.047306250000000105 0.04019444444444442
1 0.6042562499999999 0.28360555555555556 0.05495937499999992 0.05123888888888888
1 0.48129375 0.2346611111111111 0.021062499999999984 0.0295611111111111
1 0.70320625 0.29410000000000003 0.030825000000000102 0.04414444444444449