1 0.15813988095238093 0.7888095238095238 0.12946428571428573 0.20507936507936503
1 0.24351190476190473 0.8044708994708994 0.12665178571428573 0.20865079365079367
1 0.3395982142857143 0.8235978835978836 0.11800595238095239 0.22243386243386254
1 0.46120535714285715 0.861005291005291 0.07761904761904757 0.16018518518518507
1 0.5808184523809524 0.8836772486772486 0.06255952380952376 0.16867724867724865
1 0.6977232142857143 0.9046296296296296 0.07837797619047612 0.16981481481481467
1 0.8313541666666666 0.8067460317460318 0.08224702380952378 0.14574074074074084
1 0.9313392857142857 0.8085449735449736 0.09148809523809527 0.16010582010582006
1 0.9088839285714285 0.6093121693121692 0.06574404761904772 0.11322751322751326
1 0.8318898809523809 0.6082275132275132 0.05912202380952384 0.103941798941799
1 0.7659226190476192 0.6005291005291006 0.05433035714285713 0.10465608465608466
1 0.6666369047619047 0.5924074074074074 0.046354166666666634 0.09939153439153438
1 0.5871428571428572 0.5814814814814815 0.04075892857142855 0.09394179894179892
1 0.5146726190476191 0.5756613756613757 0.04690476190476188 0.09320105820105824
1 0.4275446428571429 0.5553703703703704 0.060505952380952334 0.11642857142857141
1 0.36232142857142857 0.5473015873015873 0.0688839285714286 0.11759259259259257
1 0.29779761904761903 0.5428042328042328 0.06726190476190474 0.11608465608465607
1 0.2038392857142857 0.5504761904761906 0.06821428571428567 0.07687830687830688
1 0.14802083333333332 0.5441005291005291 0.06997023809523811 0.08000000000000003
1 0.08766369047619046 0.5362698412698413 0.07610119047619046 0.08068783068783068
1 0.7702232142857144 0.4548148148148148 0.040684523809523684 0.07804232804232804
1 0.7199404761904762 0.4527248677248677 0.03505952380952373 0.06899470899470896
1 0.6460714285714286 0.4433862433862434 0.0335863095238096 0.06486772486772482
1 0.5891964285714286 0.4372486772486773 0.03171130952380944 0.06037037037037035
1 0.5398958333333334 0.4335185185185185 0.03552083333333334 0.0625661375661375
1 0.37092261904761903 0.4082804232804233 0.04705357142857144 0.07809523809523805
1 0.42232142857142857 0.41396825396825393 0.044523809523809466 0.07447089947089941
1 0.4751636904761905 0.4193121693121693 0.041056547619047666 0.0754497354497354
1 0.8239136904761905 0.46055555555555555 0.041666666666666664 0.07373015873015874