1 0.7998511904761905 0.8915343915343915 0.15029761904761904 0.21693121693121692
1 0.7142857142857143 0.8835978835978836 0.1488095238095238 0.2328042328042328
1 0.6183035714285714 0.8716931216931217 0.14136904761904762 0.2566137566137566
1 0.4955357142857143 0.8677248677248677 0.09523809523809523 0.18518518518518517
1 0.3757440476190476 0.8452380952380952 0.08035714285714286 0.18783068783068782
1 0.25892857142857145 0.8227513227513228 0.09672619047619048 0.19576719576719576
1 0.13988095238095238 0.6772486772486772 0.09821428571428571 0.17195767195767195
1 0.047619047619047616 0.6428571428571429 0.09523809523809523 0.19047619047619047
1 0.08705357142857142 0.45634920634920634 0.07738095238095238 0.1349206349206349
1 0.16294642857142858 0.4828042328042328 0.06994047619047619 0.12433862433862433
1 0.22842261904761904 0.5 0.06547619047619048 0.12169312169312169
1 0.32589285714285715 0.5291005291005291 0.05654761904761905 0.11375661375661375
1 0.4055059523809524 0.5476190476190477 0.050595238095238096 0.10582010582010581
1 0.47693452380952384 0.5687830687830688 0.05654761904761905 0.10846560846560846
1 0.5647321428571429 0.5806878306878307 0.07291666666666667 0.13756613756613756
1 0.6294642857142857 0.5965608465608465 0.0818452380952381 0.1402116402116402
1 0.6927083333333334 0.6164021164021164 0.07886904761904762 0.13756613756613756
1 0.7834821428571429 0.6587301587301587 0.07589285714285714 0.10052910052910052
1 0.8392857142857143 0.6732804232804233 0.07738095238095238 0.10317460317460317
1 0.8988095238095238 0.6878306878306878 0.08333333333333333 0.10582010582010581
1 0.24107142857142858 0.3558201058201058 0.049107142857142856 0.09259259259259259
1 0.29017857142857145 0.373015873015873 0.041666666666666664 0.07936507936507936
1 0.3638392857142857 0.39021164021164023 0.04017857142857143 0.07671957671957672
1 0.42038690476190477 0.4060846560846561 0.03869047619047619 0.07142857142857142
1 0.46875 0.42063492063492064 0.041666666666666664 0.07407407407407407
1 0.6369047619047619 0.4576719576719577 0.05505952380952381 0.09259259259259259
1 0.5863095238095238 0.4444444444444444 0.052083333333333336 0.08994708994708994
1 0.5334821428571429 0.4298941798941799 0.049107142857142856 0.08994708994708994
1 0.1875 0.3412698412698413 0.049107142857142856 0.0873015873015873