1 0.8645833333333334 0.6785714285714286 0.14732142857142858 0.24074074074074073
1 0.7819940476190477 0.7208994708994709 0.14583333333333334 0.24338624338624337
1 0.6897321428571429 0.7685185185185185 0.13839285714285715 0.2566137566137566
1 0.5736607142857143 0.843915343915344 0.09226190476190477 0.18253968253968253
1 0.4575892857142857 0.9034391534391535 0.07738095238095238 0.18518518518518517
1 0.3444940476190476 0.9312169312169312 0.09375 0.13756613756613756
1 0.20386904761904762 0.9047619047619048 0.09523809523809523 0.1693121693121693
1 0.10491071428571429 0.921957671957672 0.1056547619047619 0.15608465608465608
1 0.10788690476190477 0.7341269841269841 0.07589285714285714 0.13227513227513227
1 0.18377976190476192 0.708994708994709 0.06845238095238096 0.12169312169312169
1 0.24776785714285715 0.6812169312169312 0.06398809523809523 0.11904761904761904
1 0.34523809523809523 0.6428571428571429 0.05505952380952381 0.1111111111111111
1 0.421875 0.6071428571428571 0.049107142857142856 0.10582010582010581
1 0.49330357142857145 0.5793650793650794 0.05505952380952381 0.10582010582010581
1 0.5766369047619048 0.5317460317460317 0.07142857142857142 0.13227513227513227
1 0.6398809523809523 0.503968253968254 0.07886904761904762 0.13756613756613756
1 0.703125 0.4801587301587302 0.07738095238095238 0.1349206349206349
1 0.796875 0.4576719576719577 0.0744047619047619 0.09788359788359788
1 0.8511904761904762 0.4351851851851852 0.07738095238095238 0.10052910052910052
1 0.9099702380952381 0.4087301587301587 0.08333333333333333 0.10317460317460317
1 0.22916666666666666 0.5383597883597884 0.047619047619047616 0.08994708994708994
1 0.27901785714285715 0.5211640211640212 0.041666666666666664 0.07936507936507936
1 0.35044642857142855 0.4894179894179894 0.03869047619047619 0.07407407407407407
1 0.40625 0.4656084656084656 0.03720238095238095 0.06878306878306878
1 0.4538690476190476 0.4470899470899471 0.041666666666666664 0.07142857142857142
1 0.6183035714285714 0.37037037037037035 0.05357142857142857 0.09259259259259259
1 0.5684523809523809 0.3915343915343915 0.050595238095238096 0.0873015873015873
1 0.5163690476190477 0.4126984126984127 0.047619047619047616 0.0873015873015873
1 0.17708333333333334 0.5608465608465608 0.047619047619047616 0.08465608465608465