1 0.133 0.962157809983897 0.136 0.07568438003220612
1 0.242 0.9516908212560387 0.132 0.0966183574879227
1 0.3375 0.8389694041867954 0.122 0.15942028985507245
1 0.3235 0.7230273752012882 0.12 0.1529790660225443
1 0.428 0.7028985507246377 0.118 0.15458937198067632
1 0.4 0.6078904991948471 0.111 0.143317230273752
1 0.5015 0.5893719806763285 0.116 0.15136876006441224
1 0.4765 0.4975845410628019 0.111 0.14170692431561996
1 0.5735 0.48389694041867953 0.105 0.14009661835748793
1 0.547 0.39371980676328505 0.105 0.13526570048309178
1 0.6405 0.37359098228663445 0.103 0.13526570048309178
1 0.6685 0.2640901771336554 0.092 0.12721417069243157
1 0.7595 0.09581320450885668 0.073 0.09017713365539452
1 0.8495 0.07971014492753623 0.072 0.08695652173913043
1 0.8125 0.027375201288244767 0.069 0.05475040257648953
1 0.8985 0.01932367149758454 0.069 0.03864734299516908