1 0.07944999999999999 0.8876328502415459 0.12187 0.13574879227053133
1 0.18907 0.9014170692431561 0.11749000000000001 0.1370531400966182
1 0.30005000000000004 0.7831078904991948 0.10847000000000002 0.12906602254428337
1 0.30007 0.6648953301127214 0.10746000000000004 0.1226409017713365
1 0.40511 0.6770531400966183 0.10551999999999997 0.12380032206119163
1 0.38919 0.574927536231884 0.099 0.11573268921095009
1 0.49112 0.5880032206119162 0.10351999999999999 0.12183574879227048
1 0.47714999999999996 0.4903220611916264 0.09982999999999993 0.11338164251207725
1 0.57425 0.5070853462157809 0.0936199999999999 0.11291465378421901
1 0.5586599999999999 0.40971014492753627 0.0940999999999999 0.1081642512077294
1 0.65291 0.41943639291465384 0.09168000000000007 0.10909822866344605
1 0.69323 0.3199033816425121 0.0816099999999999 0.10436392914653785
1 0.8023899999999999 0.1829468599033816 0.06584999999999991 0.07114331723027377
1 0.89297 0.19444444444444445 0.06475999999999998 0.0680193236714976
1 0.86412 0.1209500805152979 0.06326 0.060531400966183584
1 0.95078 0.1309661835748792 0.06252999999999997 0.06148148148148149
1 0.91195 0.06789049919484702 0.06229999999999995 0.06075684380032204