1 0.9475 0.27375201288244766 0.105 0.17713365539452497
1 0.859 0.2214170692431562 0.134 0.17552334943639292
1 0.7345 0.2962962962962963 0.124 0.1642512077294686
1 0.718 0.4114331723027375 0.122 0.15780998389694043
1 0.617 0.3615136876006441 0.12 0.15942028985507245
1 0.6185 0.4669887278582931 0.113 0.14814814814814814
1 0.521 0.4170692431561997 0.118 0.15619967793880837
1 0.521 0.5177133655394525 0.113 0.14653784219001612
1 0.4285 0.46618357487922707 0.107 0.143317230273752
1 0.43 0.5668276972624798 0.107 0.14009661835748793
1 0.34 0.5233494363929146 0.105 0.14009661835748793
1 0.2865 0.605475040257649 0.094 0.1320450885668277
1 0.161 0.6996779388083736 0.074 0.09339774557165861
1 0.0745 0.6553945249597424 0.073 0.09017713365539452
1 0.0925 0.7375201288244766 0.07 0.0821256038647343
1 0.022 0.6964573268921095 0.044 0.0821256038647343
1 0.038 0.7721417069243156 0.069 0.0821256038647343