1 0.62744140625 0.6276041666666666 0.1708984375 0.3506944444444444
1 0.3876953125 0.5538194444444444 0.16015625 0.24479166666666666
1 0.1591796875 0.5078125 0.150390625 0.2760416666666667
1 0.03564453125 0.4279513888888889 0.0712890625 0.22395833333333334
1 0.31494140625 0.2048611111111111 0.123046875 0.2048611111111111
1 0.505859375 0.2222222222222222 0.126953125 0.2222222222222222
1 0.72509765625 0.24479166666666666 0.12890625 0.2604166666666667
1 0.5751953125 0.07118055555555555 0.10546875 0.1423611111111111
1 0.162109375 0.1909722222222222 0.1220703125 0.1736111111111111
1 0.400390625 0.0763888888888889 0.095703125 0.1267361111111111
1 0.78125 0.08854166666666667 0.1015625 0.16666666666666666