1 0.39892578125 0.3116319444444444 0.15234375 0.3263888888888889
1 0.6162109375 0.5069444444444444 0.1494140625 0.2170138888888889
1 0.82763671875 0.6692708333333334 0.13671875 0.2534722222222222
1 0.9462890625 0.8185763888888888 0.0888671875 0.21006944444444445
1 0.62841796875 0.8784722222222222 0.11328125 0.1840277777777778
1 0.44873046875 0.7621527777777778 0.1162109375 0.203125
1 0.24267578125 0.6276041666666666 0.115234375 0.24131944444444445
1 0.353515625 0.8932291666666666 0.0966796875 0.1736111111111111
1 0.7724609375 0.9470486111111112 0.115234375 0.10590277777777778
1 0.52587890625 0.9513888888888888 0.0908203125 0.09722222222222222
1 0.1630859375 0.7473958333333334 0.09375 0.15104166666666666