1 0.390263671875 0.6722569444444445 0.1379296875 0.3062152777777778
1 0.61603515625 0.5113368055555555 0.1402734375000001 0.19657986111111114
1 0.834462890625 0.3818229166666667 0.1257421875 0.23460069444444442
1 0.960126953125 0.2522048611111111 0.07974609375000008 0.19914930555555552
1 0.646328125 0.14267361111111113 0.10535156249999988 0.16913194444444446
1 0.461787109375 0.23046875 0.10737304687500004 0.18652777777777776
1 0.24997070312500003 0.3333333333333333 0.104736328125 0.22635416666666666
1 0.37333984375 0.0859375 0.08889648437499997 0.1598263888888889
1 0.794560546875 0.07270833333333335 0.10885742187500003 0.1372048611111111
1 0.548056640625 0.048350694444444446 0.0867773437499999 0.09668402777777778
1 0.176611328125 0.2014236111111111 0.087646484375 0.13776041666666666