1 0.1485112563543936 0.8196948682385575 0.14887436456063907 0.1553398058252427
1 0.46332607116920843 0.8793342579750347 0.12418300653594772 0.11373092926490985
1 0.19462599854756718 0.688626907073509 0.14161220043572983 0.14147018030513175
1 0.23638344226579522 0.5062413314840499 0.15831517792302105 0.18585298196948682
1 0.38090050835148875 0.34119278779472956 0.17792302106027597 0.2302357836338419
1 0.518881626724764 0.4576976421636616 0.1721132897603486 0.1927877947295423
1 0.6481481481481481 0.5866851595006934 0.1568627450980392 0.17337031900138697
1 0.7843137254901961 0.7288488210818308 0.13870733478576616 0.1914008321775312
1 0.46078431372549017 0.6865464632454924 0.14233841684822077 0.1553398058252427
1 0.6670297748729122 0.8522884882108183 0.12563543936092955 0.14701803051317613
1 0.8772694262890341 0.8120665742024965 0.12854030501089325 0.14424410540915394
1 0.9052287581699346 0.6144244105409153 0.1503267973856209 0.20110957004160887
1 0.7657952069716776 0.46601941747572817 0.17719680464778503 0.20804438280166435
1 0.6274509803921569 0.32662968099861306 0.19389978213507625 0.24133148404993066
1 0.3202614379084967 0.920249653259362 0.13580246913580246 0.13869625520110956
1 0.8387799564270153 0.970873786407767 0.10457516339869281 0.05825242718446602