1 0.15792302106027598 0.1458252427184466 0.14548293391430644 0.14079056865464634
1 0.47373275236020335 0.11754507628294036 0.12143064633260714 0.10224687933425797
1 0.2000871459694989 0.281373092926491 0.1385185185185185 0.12725381414701803
1 0.2367828612926652 0.46737864077669905 0.15380537400145242 0.1713592233009708
1 0.37667392883079154 0.6466990291262136 0.1721496005809731 0.2129264909847434
1 0.5175962236746551 0.5439389736477115 0.16766884531590423 0.17674063800277384
1 0.6503631082062454 0.42837725381414704 0.1530864197530864 0.1582108183079056
1 0.790159767610748 0.29957004160887657 0.13388525780682653 0.17805825242718445
1 0.4659041394335512 0.3100138696255202 0.13897603485838772 0.14130374479889043
1 0.6763035584604212 0.16454923717059639 0.12196804647785044 0.13503467406380026
1 0.8852360203340596 0.2257975034674064 0.12486564996368922 0.13141470180305131
1 0.9079738562091503 0.4262135922330097 0.14543209876543192 0.18631067961165054
1 0.7645533769063181 0.5603328710124826 0.17189542483660117 0.19151178918169215
1 0.6223529411764706 0.6856171983356449 0.18835875090777043 0.22228848821081829
1 0.3321423384168482 0.06253814147018032 0.1328976034858388 0.12507628294036063
1 0.8521786492374728 0.04371705963938974 0.1023093681917212 0.08743411927877948