1 0.7868554829339143 0.949375866851595 0.15904139433551198 0.10124826629680998
1 0.477124183006536 0.883495145631068 0.13071895424836602 0.1553398058252427
1 0.7632534495279594 0.8509015256588072 0.1503267973856209 0.18723994452149792
1 0.7512708787218592 0.6532593619972261 0.17066085693536673 0.23717059639389737
1 0.6383442265795207 0.4147018030513176 0.19389978213507625 0.2857142857142857
1 0.48838053740014525 0.44937586685159503 0.18518518518518517 0.24826629680998613
1 0.3449527959331881 0.5 0.16848220769789396 0.22468793342579751
1 0.19317356572258534 0.5603328710124826 0.15250544662309368 0.23439667128987518
1 0.5090777051561365 0.7004160887656034 0.15250544662309368 0.20110957004160887
1 0.28649237472766886 0.7441054091539528 0.13580246913580246 0.18723994452149792
1 0.0915032679738562 0.5880721220527045 0.13798111837327523 0.18585298196948682
1 0.09477124183006536 0.3828016643550624 0.16485112563543936 0.24826629680998613
1 0.25090777051561364 0.31900138696255204 0.19099491648511258 0.26490984743411927
1 0.4048656499636892 0.2635228848821082 0.21060275962236746 0.30235783633841884
1 0.6074800290486565 0.9549237170596394 0.14451706608569354 0.09015256588072122
1 0.10058097312999274 0.7801664355062413 0.11038489469862019 0.1317614424410541