1 0.39027083333333334 0.22324074074074074 0.03281770833333333 0.1293796296296296
1 0.47089583333333335 0.2124537037037037 0.03424479166666667 0.14079629629629636
1 0.5443854166666667 0.20167592592592593 0.03567187499999989 0.13191666666666668
1 0.6207239583333333 0.19533333333333333 0.03424479166666667 0.1344537037037037
1 0.705984375 0.1927962962962963 0.04209375000000008 0.1293796296296296
1 0.42130729166666664 0.49975 0.0349583333333334 0.16235185185185178
1 0.4997916666666667 0.5016574074074074 0.03210416666666672 0.1331851851851851
1 0.579703125 0.4769166666666667 0.03781249999999995 0.18011111111111108
1 0.7495104166666666 0.4750185185185185 0.03923958333333341 0.1382592592592592
1 0.9121822916666668 0.41160185185185183 0.05493750000000001 0.10020370370370373
1 0.9186041666666667 0.7718240740740742 0.0592187499999999 0.128111111111111