1 0.49600520833333334 0.5085555555555555 0.030447916666666686 0.14207407407407413
1 0.43099479166666665 0.4837407407407408 0.033614583333333316 0.12629629629629638
1 0.4991770833333333 0.34955555555555556 0.020296875000000013 0.06539814814814815
1 0.4024479166666667 0.3484351851851852 0.028541666666666642 0.0699074074074074
1 0.5457968750000001 0.34674074074074074 0.034885416666666676 0.11388888888888889
1 0.415453125 0.7188518518518519 0.034249999999999996 0.15899074074074077
1 0.4991770833333333 0.7757962962962963 0.030447916666666686 0.13080555555555554
1 0.3038177083333334 0.544074074074074 0.03805729166666663 0.13192592592592595
1 0.2860625 0.7780462962962963 0.0507447916666667 0.1804166666666666
1 0.35170833333333335 0.7780462962962963 0.04503645833333335 0.18492592592592594
1 0.20772916666666666 0.5638055555555556 0.05137499999999999 0.14433333333333323