1 0.459375 0.31296296296296294 0.07447916666666667 0.08981481481481482
1 0.5184895833333333 0.12962962962962962 0.1171875 0.14166666666666666
1 0.44036458333333334 0.4375 0.08333333333333333 0.08518518518518518
1 0.3372395833333333 0.5680555555555555 0.06510416666666667 0.06111111111111111
1 0.22317708333333333 0.512962962962963 0.06770833333333333 0.06111111111111111
1 0.22578125 0.3263888888888889 0.0875 0.08425925925925926
1 0.5125 0.6652777777777777 0.04583333333333333 0.044444444444444446
1 0.4708333333333333 0.6967592592592593 0.053125 0.044444444444444446
1 0.51796875 0.750462962962963 0.0359375 0.03148148148148148
1 0.2755208333333333 0.7791666666666667 0.030729166666666665 0.026851851851851852
1 0.3171875 0.8722222222222222 0.03958333333333333 0.03148148148148148