1 0.2981770833333333 0.6342592592592593 0.09114583333333333 0.07099074074074081
1 0.5108489583333333 0.591824074074074 0.0789947916666667 0.05092592592592592
1 0.5056406250000001 0.2970648148148148 0.06683854166666663 0.04475000000000004
1 0.5980885416666666 0.27391666666666664 0.0555572916666667 0.038583333333333296
1 0.5082447916666666 0.21064814814814814 0.0633697916666667 0.035490740740740725
1 0.58984375 0.18673148148148147 0.059895833333333336 0.033953703703703715
1 0.5789947916666667 0.15354629629629632 0.041666666666666664 0.02932407407407409
1 0.5065104166666666 0.1450648148148148 0.05642187499999996 0.033953703703703715
1 0.5065104166666666 0.1774722222222222 0.059895833333333336 0.037037037037037035
1 0.5208333333333334 0.6928981481481482 0.1024322916666667 0.06173148148148155
1 0.502171875 0.8140462962962962 0.07552083333333333 0.06944444444444445
1 0.6410572916666666 0.4668240740740741 0.08072916666666667 0.0540092592592593
1 0.6510416666666666 0.5462962962962963 0.08159895833333337 0.05555555555555555
1 0.6571197916666667 0.6303981481481482 0.1006927083333333 0.07562037037037043