1 0.17480208333333333 0.4318888888888889 0.07277604166666668 0.062148148148148154
1 0.18086458333333333 0.5428796296296295 0.10916145833333335 0.07863888888888895
1 0.15981770833333334 0.6595740740740741 0.087046875 0.06595370370370372
1 0.148046875 0.7940185185185185 0.09774479166666665 0.06595370370370372
1 0.3874166666666667 0.3786203703703704 0.09845833333333331 0.06722222222222224
1 0.3717239583333333 0.4845277777777777 0.09132291666666663 0.06849074074074077
1 0.3692239583333333 0.5961481481481482 0.08776041666666666 0.06849074074074077
1 0.3727916666666667 0.7248981481481481 0.10773437499999995 0.06214814814814826
1 0.5154895833333334 0.43442592592592594 0.09631770833333325 0.05961111111111111
1 0.5172708333333332 0.5403425925925927 0.10416666666666667 0.06849074074074077
1 0.5151302083333333 0.6678148148148149 0.10416666666666667 0.06214814814814805