1 0.24140625 0.5365740740740741 0.057291666666666664 0.06666666666666667
1 0.29192708333333334 0.8601851851851852 0.078125 0.0962962962962963
1 0.5057291666666667 0.7685185185185185 0.0796875 0.09814814814814815
1 0.5802083333333333 0.9101851851851852 0.07552083333333333 0.11018518518518519
1 0.08411458333333334 0.3143518518518518 0.04583333333333333 0.05092592592592592
1 0.33151041666666664 0.16296296296296298 0.0421875 0.041666666666666664
1 0.39765625 0.18564814814814815 0.03229166666666667 0.030555555555555555
1 0.46145833333333336 0.34675925925925927 0.0421875 0.05185185185185185
1 0.56484375 0.25972222222222224 0.04583333333333333 0.04814814814814815
1 0.5377604166666666 0.2023148148148148 0.040625 0.046296296296296294
1 0.5078125 0.1337962962962963 0.0421875 0.046296296296296294
1 0.6171875 0.14305555555555555 0.03333333333333333 0.030555555555555555
1 0.6510416666666666 0.18611111111111112 0.0375 0.03981481481481482
1 0.6848958333333334 0.23194444444444445 0.04583333333333333 0.046296296296296294