1 0.17317708333333334 0.4666666666666667 0.07760416666666667 0.08333333333333333
1 0.18984375 0.3592592592592593 0.11510416666666666 0.1111111111111111
1 0.18046875 0.23796296296296296 0.0921875 0.09166666666666666
1 0.18203125 0.10185185185185185 0.10260416666666666 0.09537037037037037
1 0.37734375 0.5847222222222223 0.10364583333333334 0.0962962962962963
1 0.37213541666666666 0.475462962962963 0.096875 0.09537037037037037
1 0.3807291666666667 0.3648148148148148 0.09322916666666667 0.09444444444444444
1 0.3966145833333333 0.23935185185185184 0.11197916666666667 0.09444444444444444
1 0.5088541666666667 0.5694444444444444 0.10052083333333334 0.08888888888888889
1 0.5208333333333334 0.46574074074074073 0.109375 0.1
1 0.53125 0.33935185185185185 0.10885416666666667 0.09351851851851851