1 0.49505208333333334 0.4935185185185185 0.04895833333333333 0.15092592592592594
1 0.43515625 0.5453703703703704 0.05 0.13703703703703704
1 0.5197916666666667 0.6462962962962963 0.028645833333333332 0.07222222222222222
1 0.42604166666666665 0.6888888888888889 0.03697916666666667 0.08055555555555556
1 0.5653645833333333 0.6291666666666667 0.049479166666666664 0.1259259259259259
1 0.38828125 0.32407407407407407 0.0546875 0.16944444444444445
1 0.46171875 0.23287037037037037 0.04739583333333333 0.1398148148148148
1 0.30364583333333334 0.5416666666666666 0.0546875 0.14444444444444443
1 0.2546875 0.32222222222222224 0.07395833333333333 0.19722222222222222
1 0.3182291666666667 0.29398148148148145 0.06875 0.19907407407407407
1 0.2078125 0.5638888888888889 0.06927083333333334 0.16203703703703703