1 0.45234375 0.3486111111111111 0.07760416666666667 0.05462962962962963
1 0.47421875 0.20462962962962963 0.06979166666666667 0.05185185185185185
1 0.66484375 0.23425925925925925 0.06979166666666667 0.05925925925925926
1 0.6450520833333333 0.4097222222222222 0.0703125 0.06851851851851852
1 0.48802083333333335 0.4935185185185185 0.08020833333333334 0.06111111111111111
1 0.471875 0.6203703703703703 0.07708333333333334 0.05648148148148148
1 0.6442708333333333 0.5685185185185185 0.08541666666666667 0.06574074074074074
1 0.6541666666666667 0.7129629629629629 0.08385416666666666 0.06759259259259259
1 0.49635416666666665 0.736574074074074 0.06197916666666667 0.05925925925925926
1 0.4864583333333333 0.8638888888888889 0.058333333333333334 0.04537037037037037
1 0.6328125 0.8537037037037037 0.06458333333333334 0.05555555555555555
1 0.6346354166666667 0.9666666666666667 0.05677083333333333 0.05555555555555555