1 0.15416666666666667 0.16157407407407406 0.04895833333333333 0.07777777777777778
1 0.27630208333333334 0.17962962962962964 0.07135416666666666 0.10925925925925926
1 0.3893229166666667 0.07453703703703704 0.0546875 0.07685185185185185
1 0.428125 0.13425925925925927 0.035416666666666666 0.05185185185185185
1 0.30546875 0.26342592592592595 0.052083333333333336 0.07037037037037037
1 0.33958333333333335 0.3398148148148148 0.07916666666666666 0.11203703703703703
1 0.4578125 0.20046296296296295 0.07395833333333333 0.10833333333333334
1 0.6221354166666667 0.14675925925925926 0.04895833333333333 0.07407407407407407
1 0.66796875 0.20416666666666666 0.06197916666666667 0.10833333333333334
1 0.61015625 0.42916666666666664 0.065625 0.11203703703703703
1 0.49140625 0.6162037037037037 0.06510416666666667 0.11574074074074074
1 0.7166666666666667 0.27685185185185185 0.049479166666666664 0.0824074074074074