1 0.2625885416666667 0.24845370370370368 0.03558854166666669 0.1358055555555555
1 0.3333333333333333 0.2561759259259259 0.034723958333333374 0.132712962962963
1 0.4066822916666667 0.25925925925925924 0.0390625 0.1388888888888889
1 0.4739583333333333 0.24150925925925926 0.03298437499999996 0.1774722222222222
1 0.5338541666666666 0.27314814814814814 0.03125 0.12345370370370375
1 0.6592864583333333 0.25925925925925924 0.042536458333333374 0.17900925925925928
1 0.4296875 0.4915092592592593 0.04860937499999996 0.18055555555555555
1 0.4991302083333334 0.4776203703703704 0.0381927083333333 0.18673148148148155
1 0.627171875 0.4976851851851852 0.033854166666666664 0.15895370370370376
1 0.6957447916666666 0.519287037037037 0.0460052083333333 0.18981481481481483
1 0.5238697916666667 0.7646574074074074 0.04079687499999996 0.19289814814814807
1 0.5928802083333333 0.7816388888888889 0.0381927083333333 0.1712962962962963
1 0.330296875 0.8726851851851852 0.04079687499999996 0.1527777777777778
1 0.252171875 0.8603425925925926 0.03211979166666665 0.12808333333333327
1 0.08941145833333333 0.855712962962963 0.036458333333333336 0.125