1 0.450953125 0.6496944444444444 0.0772552083333333 0.05247222222222229
1 0.4713541666666667 0.7947500000000001 0.0694427083333333 0.049379629629629565
1 0.662328125 0.7708333333333334 0.0694427083333333 0.05710185185185192
1 0.6440989583333334 0.5949074074074074 0.0694427083333333 0.06636111111111118
1 0.4878489583333333 0.5061759259259259 0.07985937499999997 0.058638888888888824
1 0.4730885416666667 0.37886111111111115 0.07639062500000003 0.0540092592592593
1 0.6449635416666666 0.4359537037037037 0.0850677083333333 0.06326851851851856
1 0.65625 0.2916666666666667 0.08333333333333333 0.06481481481481481
1 0.4986979166666667 0.2631203703703704 0.0616302083333333 0.05710185185185181
1 0.490015625 0.13580555555555554 0.058161458333333374 0.04321296296296298
1 0.6362864583333334 0.15046296296296297 0.06423437499999997 0.05400925925925924
1 0.6393229166666666 0.03780555555555555 0.05642187499999996 0.05400925925925927