1 0.12916666666666668 0.7416666666666667 0.11458333333333333 0.1361111111111111
1 0.24010416666666667 0.5675925925925925 0.06510416666666667 0.12962962962962962
1 0.33125 0.2912037037037037 0.0671875 0.07407407407407407
1 0.39817708333333335 0.3611111111111111 0.0703125 0.10740740740740741
1 0.32916666666666666 0.6615740740740741 0.0828125 0.10277777777777777
1 0.52421875 0.49166666666666664 0.08125 0.10925925925925926
1 0.5166666666666667 0.6555555555555556 0.05260416666666667 0.18611111111111112
1 0.6466145833333333 0.5287037037037037 0.05364583333333333 0.15648148148148147
1 0.6723958333333333 0.37083333333333335 0.0421875 0.11018518518518519
1 0.809375 0.25972222222222224 0.06197916666666667 0.12407407407407407
1 0.8791666666666667 0.3638888888888889 0.057291666666666664 0.13240740740740742