1 0.10989583333333333 0.3921296296296296 0.053125 0.08703703703703704
1 0.228125 0.3351851851851852 0.07708333333333334 0.12314814814814815
1 0.3143229166666667 0.16712962962962963 0.058854166666666666 0.08796296296296297
1 0.36223958333333334 0.2 0.03854166666666667 0.05925925925925926
1 0.2716145833333333 0.3962962962962963 0.05572916666666667 0.08055555555555556
1 0.3184895833333333 0.44675925925925924 0.08489583333333334 0.12777777777777777
1 0.40286458333333336 0.2439814814814815 0.0796875 0.12222222222222222
1 0.546875 0.09351851851851851 0.05260416666666667 0.08425925925925926
1 0.6010416666666667 0.11944444444444445 0.06822916666666666 0.12037037037037036
1 0.58984375 0.3662037037037037 0.071875 0.125
1 0.5143229166666666 0.6143518518518518 0.07135416666666666 0.12685185185185185
1 0.6606770833333333 0.15833333333333333 0.05364583333333333 0.09166666666666666