1 0.5255208333333333 0.6953703703703704 0.08020833333333334 0.10648148148148148
1 0.45260416666666664 0.862037037037037 0.12604166666666666 0.1675925925925926
1 0.5541666666666667 0.5763888888888888 0.08802083333333334 0.10462962962962963
1 0.6666666666666666 0.47314814814814815 0.06875 0.07592592592592592
1 0.7752604166666667 0.5555555555555556 0.07135416666666666 0.07685185185185185
1 0.7578125 0.7398148148148148 0.0921875 0.1037037037037037
1 0.50078125 0.3333333333333333 0.0484375 0.05462962962962963
1 0.5442708333333334 0.3125 0.05520833333333333 0.05740740740740741
1 0.5015625 0.24722222222222223 0.03802083333333333 0.03981481481481482
1 0.7442708333333333 0.2791666666666667 0.03229166666666667 0.03425925925925926
1 0.71015625 0.1763888888888889 0.04114583333333333 0.040740740740740744