1 0.653125 0.2564814814814815 0.065625 0.05740740740740741
1 0.62890625 0.09259259259259259 0.04739583333333333 0.07407407407407407
1 0.7596354166666667 0.056018518518518516 0.051041666666666666 0.06944444444444445
1 0.5083333333333333 0.05787037037037037 0.0640625 0.07407407407407407
1 0.6234375 0.20925925925925926 0.04739583333333333 0.041666666666666664
1 0.39479166666666665 0.20416666666666666 0.06041666666666667 0.04351851851851852
1 0.34010416666666665 0.15787037037037038 0.06302083333333333 0.05
1 0.43255208333333334 0.29814814814814816 0.052083333333333336 0.027777777777777776
1 0.43255208333333334 0.32175925925925924 0.034375 0.017592592592592594
1 0.4296875 0.3421296296296296 0.04010416666666667 0.024074074074074074
1 0.5169270833333334 0.262037037037037 0.046875 0.03611111111111111