1 0.7567708333333333 0.4324074074074074 0.06354166666666666 0.08703703703703704
1 0.7481770833333333 0.7675925925925926 0.08802083333333334 0.125
1 0.5286458333333334 0.7638888888888888 0.08958333333333333 0.12685185185185185
1 0.47369791666666666 0.9314814814814815 0.08697916666666666 0.13703703703703704
1 0.8815104166666666 0.1527777777777778 0.050520833333333334 0.06759259259259259
1 0.6216145833333333 0.10416666666666667 0.04583333333333333 0.05648148148148148
1 0.5598958333333334 0.1527777777777778 0.034895833333333334 0.04259259259259259
1 0.51796875 0.3351851851851852 0.04739583333333333 0.06759259259259259
1 0.40651041666666665 0.2916666666666667 0.05 0.06388888888888888
1 0.42578125 0.225 0.04479166666666667 0.06018518518518518
1 0.44583333333333336 0.14629629629629629 0.04635416666666667 0.06111111111111111
1 0.340625 0.19907407407407407 0.0359375 0.04259259259259259
1 0.31302083333333336 0.25462962962962965 0.041666666666666664 0.053703703703703705
1 0.2859375 0.3125 0.05 0.06296296296296296