1 0.11110937500000001 0.6234537037037038 0.10590104166666665 0.10493518518518512
1 0.23741145833333333 0.4861111111111111 0.0546875 0.11419444444444438
1 0.3541666666666667 0.24228703703703705 0.0625 0.05555555555555555
1 0.4131927083333334 0.33178703703703705 0.0625 0.08950925925925922
1 0.3159739583333333 0.6064814814814815 0.07639062500000003 0.08025000000000007
1 0.5247395833333334 0.49923148148148144 0.07378645833333337 0.08796296296296297
1 0.5013020833333334 0.658175925925926 0.035588541666666626 0.17747222222222228
1 0.6414947916666667 0.5733055555555555 0.0399322916666667 0.1466018518518518
1 0.6822916666666666 0.42592592592592593 0.03298437499999996 0.10185185185185185
1 0.828125 0.3587962962962963 0.052083333333333336 0.10956481481481485
1 0.88671875 0.4830277777777777 0.0460052083333333 0.12037037037037036