1 0.7348958333333333 0.7587962962962963 0.03697916666666667 0.13703703703703704
1 0.6643229166666667 0.7490740740740741 0.0359375 0.13333333333333333
1 0.5908854166666667 0.7435185185185185 0.040625 0.1398148148148148
1 0.5234375 0.7592592592592593 0.034895833333333334 0.1787037037037037
1 0.46380208333333334 0.725925925925926 0.03229166666666667 0.12407407407407407
1 0.33828125 0.7356481481481482 0.044270833333333336 0.18055555555555555
1 0.5703125 0.5106481481481482 0.050520833333333334 0.1824074074074074
1 0.5005208333333333 0.5222222222222223 0.04010416666666667 0.18796296296296297
1 0.3729166666666667 0.4981481481481482 0.035416666666666666 0.16018518518518518
1 0.30442708333333335 0.47453703703703703 0.04791666666666667 0.19166666666666668
1 0.4786458333333333 0.23472222222222222 0.042708333333333334 0.19444444444444445
1 0.40989583333333335 0.21574074074074073 0.04010416666666667 0.17222222222222222
1 0.6734375 0.13240740740740742 0.0421875 0.1537037037037037
1 0.7513020833333334 0.14722222222222223 0.03333333333333333 0.1287037037037037
1 0.9140625 0.15694444444444444 0.0375 0.1259259259259259