1 0.5184895833333333 0.8074074074074075 0.09583333333333334 0.09166666666666666
1 0.6658854166666667 0.7898148148148149 0.08072916666666667 0.12222222222222222
1 0.515625 0.7162037037037037 0.09479166666666666 0.09444444444444444
1 0.3221354166666667 0.5763888888888888 0.10208333333333333 0.1175925925925926
1 0.5005208333333333 0.5046296296296297 0.07291666666666667 0.10277777777777777
1 0.5401041666666667 0.6166666666666667 0.0890625 0.08796296296296297
1 0.7002604166666667 0.5907407407407408 0.0984375 0.12222222222222222
1 0.8341145833333333 0.6240740740740741 0.06614583333333333 0.1175925925925926
1 0.6799479166666667 0.4615740740740741 0.11197916666666667 0.11574074074074074
1 0.8354166666666667 0.41898148148148145 0.06614583333333333 0.05740740740740741
1 0.834375 0.31296296296296294 0.1234375 0.11666666666666667