1 0.22239583333333332 0.3194444444444444 0.115625 0.14074074074074075
1 0.46588541666666666 0.3680555555555556 0.10104166666666667 0.12777777777777777
1 0.4765625 0.2518518518518518 0.07760416666666667 0.1111111111111111
1 0.4361979166666667 0.46944444444444444 0.07760416666666667 0.09351851851851851
1 0.5776041666666667 0.4888888888888889 0.0953125 0.125
1 0.55546875 0.5694444444444444 0.07864583333333333 0.09166666666666666
1 0.53046875 0.6453703703703704 0.07447916666666667 0.08796296296296297
1 0.6671875 0.6546296296296297 0.05 0.06111111111111111
1 0.36484375 0.7824074074074074 0.075 0.0787037037037037
1 0.45 0.8351851851851851 0.057291666666666664 0.062037037037037036
1 0.3424479166666667 0.887962962962963 0.06979166666666667 0.0824074074074074
1 0.42630208333333336 0.9342592592592592 0.06302083333333333 0.06666666666666667
1 0.4080729166666667 0.9671296296296297 0.04635416666666667 0.05277777777777778
1 0.33255208333333336 0.924537037037037 0.06666666666666667 0.07962962962962963