1 0.39036458333333335 0.7768518518518519 0.0328125 0.12962962962962962
1 0.4708333333333333 0.7875 0.034375 0.14074074074074075
1 0.5442708333333334 0.7981481481481482 0.035416666666666666 0.13148148148148148
1 0.6208333333333333 0.8046296296296296 0.034375 0.13425925925925927
1 0.7059895833333333 0.8074074074074075 0.0421875 0.12962962962962962
1 0.42135416666666664 0.500462962962963 0.034895833333333334 0.16203703703703703
1 0.49973958333333335 0.4981481481481482 0.03229166666666667 0.13333333333333333
1 0.5796875 0.5231481481481481 0.03802083333333333 0.18055555555555555
1 0.7494791666666667 0.525 0.0390625 0.13796296296296295
1 0.9122395833333333 0.5884259259259259 0.0546875 0.1
1 0.9184895833333333 0.22824074074074074 0.059375 0.12777777777777777