1 0.44036458333333334 0.5583333333333333 0.07083333333333333 0.053703703703703705
1 0.5549479166666667 0.5828703703703704 0.0515625 0.04351851851851852
1 0.46640625 0.45 0.0625 0.05555555555555555
1 0.47552083333333334 0.3824074074074074 0.06875 0.06388888888888888
1 0.49505208333333334 0.2935185185185185 0.09635416666666667 0.07962962962962963
1 0.5731770833333333 0.5407407407407407 0.06927083333333334 0.05648148148148148
1 0.5828125 0.4861111111111111 0.06927083333333334 0.0712962962962963
1 0.6091145833333333 0.42314814814814816 0.06770833333333333 0.05925925925925926
1 0.73515625 0.4527777777777778 0.05520833333333333 0.04537037037037037
1 0.6354166666666666 0.3449074074074074 0.058854166666666666 0.06851851851851852
1 0.67890625 0.24537037037037038 0.09791666666666667 0.07685185185185185
1 0.53515625 0.04953703703703704 0.1296875 0.09907407407407408