1 0.3072916666666667 0.32916666666666666 0.09479166666666666 0.08796296296296297
1 0.5161458333333333 0.41064814814814815 0.08177083333333333 0.06574074074074074
1 0.49375 0.7027777777777777 0.06927083333333334 0.05648148148148148
1 0.584375 0.7430555555555556 0.057291666666666664 0.049074074074074076
1 0.49114583333333334 0.7893518518518519 0.06510416666666667 0.04722222222222222
1 0.5708333333333333 0.8282407407407407 0.06145833333333333 0.044444444444444446
1 0.5580729166666667 0.8592592592592593 0.043229166666666666 0.037037037037037035
1 0.4856770833333333 0.8541666666666666 0.058333333333333334 0.044444444444444446
1 0.4875 0.8217592592592593 0.06197916666666667 0.04814814814814815
1 0.53203125 0.31203703703703706 0.10572916666666667 0.08055555555555556
1 0.5205729166666667 0.18796296296296297 0.07916666666666666 0.08333333333333333
1 0.63828125 0.5592592592592592 0.08333333333333333 0.06851851851851852
1 0.6528645833333333 0.48194444444444445 0.084375 0.07037037037037037
1 0.6638020833333333 0.399537037037037 0.1046875 0.09351851851851851