1 0.82734375 0.512962962962963 0.07708333333333334 0.07962962962962963
1 0.8127604166666667 0.6212962962962963 0.1140625 0.10462962962962963
1 0.8244791666666667 0.7421296296296296 0.09114583333333333 0.08703703703703704
1 0.8255208333333334 0.8782407407407408 0.10208333333333333 0.08981481481481482
1 0.62109375 0.4078703703703704 0.10260416666666666 0.09074074074074075
1 0.628125 0.5162037037037037 0.09583333333333334 0.09074074074074075
1 0.621875 0.6277777777777778 0.0921875 0.08981481481481482
1 0.6083333333333333 0.7541666666666667 0.11145833333333334 0.08796296296296297
1 0.48984375 0.4310185185185185 0.1 0.0824074074074074
1 0.4796875 0.5356481481481481 0.10833333333333334 0.09351851851851851
1 0.471875 0.6625 0.1078125 0.08703703703703704