1 0.349390625 0.7484537037037038 0.06510416666666667 0.05555555555555555
1 0.375 0.9112685185185185 0.046875 0.0725277777777777
1 0.24479166666666666 0.9521574074074073 0.050348958333333374 0.06789814814814808
1 0.49609375 0.9421296296296297 0.0633697916666667 0.0725277777777777
1 0.3793385416666667 0.7947500000000001 0.046875 0.040120370370370306
1 0.6080729166666666 0.7924351851851852 0.059895833333333336 0.041666666666666664
1 0.6631927083333333 0.8371944444444444 0.0625 0.04784259259259266
1 0.5694427083333333 0.6998425925925926 0.052083333333333336 0.026231481481481415
1 0.5693020833333333 0.6761759259259259 0.03431250000000006 0.016638888888888915
1 0.57175 0.6555833333333333 0.040109375000000114 0.02297222222222217
1 0.48552083333333335 0.7383703703703705 0.04679166666666663 0.0348611111111112