1 0.34453125 0.7388888888888889 0.06614583333333333 0.05925925925925926
1 0.36692708333333335 0.9032407407407408 0.0484375 0.075
1 0.23619791666666667 0.9361111111111111 0.0515625 0.0712962962962963
1 0.4875 0.9416666666666667 0.06458333333333334 0.07685185185185185
1 0.3736979166666667 0.7870370370370371 0.04739583333333333 0.04259259259259259
1 0.60234375 0.799074074074074 0.0609375 0.04537037037037037
1 0.6565104166666667 0.8472222222222222 0.06354166666666666 0.05185185185185185
1 0.5653645833333333 0.7041666666666667 0.05260416666666667 0.02962962962962963
1 0.5658854166666667 0.6805555555555556 0.034375 0.018518518518518517
1 0.56875 0.6597222222222222 0.040625 0.025
1 0.48072916666666665 0.7375 0.04739583333333333 0.03796296296296296