1 0.496875 0.5097222222222222 0.0453125 0.15
1 0.43046875 0.5074074074074074 0.04635416666666667 0.13518518518518519
1 0.4830729166666667 0.3527777777777778 0.027083333333333334 0.0712962962962963
1 0.3880208333333333 0.38425925925925924 0.035416666666666666 0.0787037037037037
1 0.5283854166666667 0.3337962962962963 0.04635416666666667 0.12407407407407407
1 0.440625 0.7435185185185185 0.050520833333333334 0.1675925925925926
1 0.52890625 0.7708333333333334 0.04375 0.1388888888888889
1 0.31223958333333335 0.6097222222222223 0.0515625 0.1425925925925926
1 0.31979166666666664 0.8453703703703703 0.06927083333333334 0.19444444444444445
1 0.384375 0.8231481481481482 0.0640625 0.19722222222222222
1 0.22005208333333334 0.6615740740740741 0.06614583333333333 0.15925925925925927