1 0.8794270833333333 0.3050925925925926 0.11145833333333334 0.12407407407407407
1 0.7619791666666667 0.4648148148148148 0.0609375 0.12407407407407407
1 0.66015625 0.7291666666666666 0.065625 0.06666666666666667
1 0.59609375 0.6513888888888889 0.0671875 0.10092592592592593
1 0.6768229166666667 0.3597222222222222 0.08072916666666667 0.09444444444444444
1 0.47552083333333334 0.5055555555555555 0.07864583333333333 0.10092592592592593
1 0.48932291666666666 0.34305555555555556 0.04583333333333333 0.18333333333333332
1 0.35494791666666664 0.4532407407407407 0.0484375 0.1527777777777778
1 0.32317708333333334 0.6074074074074074 0.03854166666666667 0.10740740740740741
1 0.18203125 0.7013888888888888 0.058333333333333334 0.11851851851851852
1 0.11640625 0.5888888888888889 0.05260416666666667 0.1287037037037037