1 0.13628645833333333 0.22762037037037042 0.045140624999999976 0.06944444444444445
1 0.2586822916666667 0.22299074074074077 0.06597395833333332 0.09722222222222222
1 0.365015625 0.09722222222222222 0.051213541666666626 0.06789814814814814
1 0.4071197916666666 0.14969444444444444 0.03298437499999996 0.046296296296296294
1 0.2925364583333333 0.30092592592592593 0.04860937499999996 0.06173148148148144
1 0.3311614583333334 0.37037037037037035 0.07378645833333337 0.09876851851851848
1 0.4405364583333334 0.2098796296296296 0.06857812500000003 0.09567592592592591
1 0.6006927083333333 0.12576851851851853 0.04514062500000004 0.06636111111111112
1 0.6497395833333334 0.17437962962962963 0.05642187499999996 0.09876851851851853
1 0.60546875 0.4089537037037037 0.059895833333333336 0.10185185185185185
1 0.498265625 0.617287037037037 0.059026041666666626 0.10493518518518512
1 0.7022552083333333 0.23765740740740743 0.04514062500000004 0.07407407407407407