1 0.24175520833333336 0.7553981481481482 0.10677083333333333 0.11265740740740747
1 0.4778645833333333 0.6396574074074074 0.0928802083333333 0.10339814814814821
1 0.4986979166666667 0.7515462962962962 0.0703125 0.09259259259259259
1 0.439671875 0.5478425925925926 0.07204687499999997 0.07407407407407407
1 0.5776927083333334 0.4891944444444445 0.08767187499999997 0.10185185185185185
1 0.548609375 0.4158981481481482 0.07291666666666667 0.07252777777777782
1 0.5173593750000001 0.3479907407407407 0.0694427083333333 0.06944444444444445
1 0.6514739583333333 0.30092592592592593 0.0460052083333333 0.04937962962962967
1 0.341578125 0.25849074074074074 0.0703125 0.06018518518518518
1 0.4210052083333334 0.18287037037037038 0.0538177083333333 0.04784259259259261
1 0.310328125 0.16049074074074074 0.06510416666666667 0.06481481481481481
1 0.388890625 0.09182407407407407 0.059026041666666626 0.05092592592592592
1 0.3680572916666666 0.0640462962962963 0.043401041666666626 0.041666666666666664
1 0.2973072916666667 0.12731481481481483 0.0616302083333333 0.0632685185185185