1 0.29348958333333336 0.6087962962962963 0.09375 0.0824074074074074
1 0.5072916666666667 0.5930555555555556 0.08072916666666667 0.06018518518518518
1 0.5135416666666667 0.29814814814814816 0.06822916666666666 0.05277777777777778
1 0.6067708333333334 0.2865740740740741 0.05677083333333333 0.04537037037037037
1 0.51953125 0.2125 0.06458333333333334 0.04351851851851852
1 0.6018229166666667 0.1986111111111111 0.0609375 0.041666666666666664
1 0.5924479166666666 0.16435185185185186 0.042708333333333334 0.03425925925925926
1 0.5203125 0.14675925925925926 0.0578125 0.040740740740740744
1 0.5192708333333333 0.17916666666666667 0.06145833333333333 0.044444444444444446
1 0.51328125 0.6949074074074074 0.1046875 0.07407407407407407
1 0.48984375 0.8134259259259259 0.078125 0.0787037037037037
1 0.6419270833333334 0.4842592592592593 0.0828125 0.06388888888888888
1 0.6489583333333333 0.5648148148148148 0.08333333333333333 0.06574074074074074
1 0.6515625 0.649537037037037 0.10364583333333334 0.08796296296296297