1 0.24175520833333333 0.5447500000000001 0.056421875000000024 0.06481481481481481
1 0.2955729166666667 0.8665092592592593 0.0772552083333333 0.09413888888888895
1 0.5082447916666666 0.7685185185185185 0.0789947916666667 0.09567592592592586
1 0.584203125 0.9074074074074074 0.07465104166666663 0.10802777777777785
1 0.08246354166666667 0.3271574074074074 0.04514062500000001 0.04937962962962967
1 0.328125 0.16821296296296295 0.041666666666666664 0.040120370370370355
1 0.39453125 0.1890462962962963 0.0321197916666667 0.02932407407407409
1 0.4600677083333334 0.3479907407407407 0.041666666666666664 0.05092592592592592
1 0.5625 0.2577129629629629 0.04514062500000004 0.046296296296296294
1 0.5347239583333334 0.2013888888888889 0.0399322916666667 0.044749999999999984
1 0.5043385416666667 0.13349074074074072 0.041666666666666664 0.044749999999999984
1 0.6137135416666666 0.13965740740740742 0.03298437499999996 0.02932407407407409
1 0.6480052083333334 0.18132407407407408 0.03732812500000004 0.03858333333333335
1 0.6822916666666666 0.22608333333333333 0.04514062500000004 0.044749999999999984