1 0.5515625 0.5791666666666667 0.07239583333333334 0.06111111111111111
1 0.43645833333333334 0.5606481481481481 0.05260416666666667 0.049074074074074076
1 0.5388020833333333 0.4638888888888889 0.0640625 0.062037037037037036
1 0.5377604166666666 0.3939814814814815 0.0703125 0.0712962962962963
1 0.52890625 0.3 0.09791666666666667 0.09074074074074075
1 0.4236979166666667 0.512962962962963 0.07083333333333333 0.06388888888888888
1 0.4205729166666667 0.45601851851851855 0.07135416666666666 0.07962962962962963
1 0.40208333333333335 0.38425925925925924 0.06927083333333334 0.06666666666666667
1 0.2755208333333333 0.36666666666666664 0.05625 0.05185185185185185
1 0.38567708333333334 0.2986111111111111 0.0609375 0.075
1 0.35494791666666664 0.18472222222222223 0.09947916666666666 0.08796296296296297
1 0.5182291666666666 0.05138888888888889 0.13229166666666667 0.10277777777777777