1 0.4583333333333333 0.8004629629629629 0.09583333333333334 0.09166666666666666
1 0.6 0.8731481481481481 0.08072916666666667 0.12222222222222222
1 0.47317708333333336 0.7125 0.09479166666666666 0.09444444444444444
1 0.31796875 0.4634259259259259 0.10208333333333333 0.1175925925925926
1 0.49947916666666664 0.5046296296296297 0.07291666666666667 0.10277777777777777
1 0.5153645833333333 0.6342592592592593 0.0890625 0.08796296296296297
1 0.6708333333333333 0.7069444444444445 0.0984375 0.12222222222222222
1 0.7901041666666667 0.8199074074074074 0.06614583333333333 0.1175925925925926
1 0.6765625 0.5731481481481482 0.11197916666666667 0.11574074074074074
1 0.8307291666666666 0.6277777777777778 0.06614583333333333 0.05740740740740741
1 0.8502604166666666 0.5273148148148148 0.1234375 0.11666666666666667