1 0.23229166666666667 0.2773148148148148 0.1109375 0.1259259259259259
1 0.47239583333333335 0.36342592592592593 0.096875 0.11481481481481481
1 0.48880208333333336 0.2490740740740741 0.07395833333333333 0.10092592592592593
1 0.43802083333333336 0.4597222222222222 0.075 0.0824074074074074
1 0.5778645833333333 0.5009259259259259 0.09166666666666666 0.11203703703703703
1 0.5518229166666667 0.5777777777777777 0.07552083333333333 0.08148148148148149
1 0.5231770833333333 0.649537037037037 0.071875 0.07777777777777778
1 0.6588541666666666 0.6796296296296296 0.04791666666666667 0.05462962962962963
1 0.3515625 0.7606481481481482 0.07239583333333334 0.06851851851851852
1 0.43359375 0.825925925925926 0.05572916666666667 0.05462962962962963
1 0.32421875 0.862037037037037 0.06770833333333333 0.07314814814814814
1 0.40520833333333334 0.9208333333333333 0.0609375 0.058333333333333334
1 0.3854166666666667 0.9513888888888888 0.04479166666666667 0.04722222222222222
1 0.3125 0.8967592592592593 0.0640625 0.07037037037037037