1 0.3580729166666667 0.2740740740740741 0.0484375 0.1388888888888889
1 0.43515625 0.23148148148148148 0.051041666666666666 0.15092592592592594
1 0.50546875 0.19166666666666668 0.0515625 0.1425925925925926
1 0.5791666666666667 0.1550925925925926 0.050520833333333334 0.14444444444444443
1 0.66171875 0.11851851851851852 0.057291666666666664 0.1425925925925926
1 0.4231770833333333 0.5310185185185186 0.0546875 0.17222222222222222
1 0.5 0.5018518518518519 0.04791666666666667 0.1425925925925926
1 0.5747395833333333 0.44583333333333336 0.059375 0.19074074074074074
1 0.73984375 0.37592592592592594 0.05572916666666667 0.15
1 0.8903645833333333 0.2490740740740741 0.06614583333333333 0.11944444444444445
1 0.9421875 0.5972222222222222 0.07395833333333333 0.14814814814814814