1 0.4427083333333333 0.4344166666666667 0.0694427083333333 0.04475000000000004
1 0.5581614583333334 0.4243796296296296 0.050348958333333374 0.037037037037037035
1 0.4644114583333333 0.5455277777777777 0.06076562500000004 0.04784259259259266
1 0.470921875 0.6141944444444445 0.06683854166666663 0.05555555555555555
1 0.4869791666666667 0.7052499999999999 0.09375 0.06789814814814808
1 0.5746510416666666 0.4683611111111111 0.06770833333333333 0.047842592592592555
1 0.58203125 0.5239166666666667 0.06683854166666663 0.06326851851851845
1 0.6059010416666666 0.5902777777777778 0.06597395833333337 0.05092592592592592
1 0.732640625 0.5763888888888888 0.0538177083333333 0.0385833333333334
1 0.62890625 0.6712962962962963 0.05642187499999996 0.06173148148148155
1 0.6684010416666666 0.7762314814814815 0.09548437499999997 0.06481481481481481
1 0.5173593750000001 0.9560185185185185 0.12673437499999995 0.08796296296296297