1 0.2578125 0.26342592592592595 0.03802083333333333 0.13796296296296295
1 0.32864583333333336 0.26666666666666666 0.0375 0.13518518518518519
1 0.40208333333333335 0.2652777777777778 0.041666666666666664 0.14166666666666666
1 0.46901041666666665 0.24305555555555555 0.036458333333333336 0.17962962962962964
1 0.5294270833333333 0.2712962962962963 0.033854166666666664 0.125
1 0.6544270833333333 0.24953703703703703 0.04583333333333333 0.1814814814814815
1 0.4296875 0.49583333333333335 0.052083333333333336 0.18333333333333332
1 0.4986979166666667 0.4777777777777778 0.041666666666666664 0.18888888888888888
1 0.6270833333333333 0.4898148148148148 0.03697916666666667 0.16111111111111112
1 0.69609375 0.5069444444444444 0.049479166666666664 0.1925925925925926
1 0.5291666666666667 0.762962962962963 0.04479166666666667 0.19537037037037036
1 0.5984375 0.7759259259259259 0.041666666666666664 0.17314814814814813
1 0.3377604166666667 0.8828703703703704 0.04375 0.15555555555555556
1 0.259375 0.875462962962963 0.034375 0.12962962962962962
1 0.09661458333333334 0.8810185185185185 0.0390625 0.12685185185185185