1 0.5442708333333334 0.6844166666666667 0.07291666666666667 0.0848796296296297
1 0.48871354166666664 0.8711388888888889 0.11458333333333333 0.13425925925925927
1 0.560765625 0.5586388888888889 0.08159895833333337 0.08025000000000007
1 0.6614583333333334 0.4220648148148148 0.06423437499999997 0.05710185185185181
1 0.7764739583333333 0.4699074074074074 0.06683854166666663 0.05710185185185192
1 0.77734375 0.6566388888888889 0.0859375 0.0787037037037037
1 0.484375 0.33564814814814814 0.04514062500000004 0.041666666666666664
1 0.525171875 0.30169444444444443 0.052083333333333336 0.041666666666666664
1 0.4769947916666667 0.2507685185185185 0.035588541666666626 0.029324074074074037
1 0.7189479166666667 0.20710185185185184 0.030479166666666658 0.02528703703703704
1 0.6754322916666666 0.11649074074074074 0.038942708333333326 0.029500000000000012