1 0.48828125 0.1913611111111111 0.09114583333333333 0.06481481481481481
1 0.634984375 0.16358333333333333 0.07204687499999997 0.10185185185185185
1 0.49435937499999993 0.2824074074074074 0.08941145833333337 0.06789814814814818
1 0.3172760416666666 0.47993518518518524 0.0946197916666667 0.08950925925925933
1 0.5 0.49537037037037035 0.06597395833333337 0.08333333333333333
1 0.5282135416666666 0.3726851851851852 0.08420312500000003 0.06326851851851856
1 0.6883697916666667 0.34876851851851853 0.09027604166666663 0.09567592592592597
1 0.8168385416666666 0.27469444444444446 0.057291666666666664 0.10185185185185185
1 0.6809895833333334 0.48225 0.10503645833333337 0.0848796296296297
1 0.838109375 0.4760833333333333 0.0633697916666667 0.0385833333333334
1 0.84765625 0.5810185185185185 0.1171875 0.08178703703703696