1 0.5643229166666667 0.6300925925925925 0.08125 0.07777777777777778
1 0.5596354166666667 0.7796296296296297 0.0734375 0.07222222222222222
1 0.3697916666666667 0.8208333333333333 0.07447916666666667 0.07962962962962963
1 0.36875 0.6421296296296296 0.07552083333333333 0.08888888888888889
1 0.5125 0.5018518518518519 0.08489583333333334 0.08425925925925926
1 0.5135416666666667 0.37175925925925923 0.08072916666666667 0.0787037037037037
1 0.35078125 0.4861111111111111 0.09010416666666667 0.09074074074074075
1 0.32421875 0.3486111111111111 0.08854166666666667 0.09166666666666666
1 0.47578125 0.2671296296296296 0.06666666666666667 0.07685185185185185
1 0.4708333333333333 0.1388888888888889 0.06197916666666667 0.062037037037037036
1 0.32864583333333336 0.20324074074074075 0.06875 0.075
1 0.31354166666666666 0.09351851851851851 0.0609375 0.07222222222222222