0 0.9519230769230769 0.08974358974358974 0.9583333333333334 0.08974358974358974 0.9615384615384616 0.09294871794871795 0.9615384615384616 0.09615384615384616 0.9583333333333334 0.09935897435897435 0.9519230769230769 0.09935897435897435 0.9487179487179487 0.09615384615384616 0.9519230769230769 0.09294871794871795
0 0.8589743589743589 0.16025641025641027 0.8589743589743589 0.16346153846153846 0.8621794871794872 0.16666666666666666 0.8621794871794872 0.17307692307692307 0.8589743589743589 0.17307692307692307 0.8557692307692307 0.1762820512820513 0.8461538461538461 0.1762820512820513 0.8461538461538461 0.16666666666666666 0.8525641025641025 0.16025641025641027 0.8557692307692307 0.16025641025641027
0 0.6602564102564102 0.3076923076923077 0.6698717948717948 0.3076923076923077 0.6762820512820513 0.3173076923076923 0.6762820512820513 0.3269230769230769 0.6730769230769231 0.3301282051282051 0.6602564102564102 0.3301282051282051 0.657051282051282 0.3333333333333333 0.6538461538461539 0.3333333333333333 0.6506410256410257 0.32371794871794873 0.6602564102564102 0.3108974358974359
0 0.8846153846153846 0.13782051282051283 0.8910256410256411 0.14423076923076922 0.8910256410256411 0.15064102564102563 0.8878205128205128 0.15064102564102563 0.8846153846153846 0.15384615384615385 0.875 0.15384615384615385 0.875 0.14102564102564102 0.8782051282051282 0.13782051282051283 0.8814102564102564 0.13782051282051283
0 0.7403846153846154 0.2403846153846154 0.7435897435897436 0.24358974358974358 0.7467948717948718 0.24358974358974358 0.7564102564102564 0.2532051282051282 0.7564102564102564 0.25961538461538464 0.7532051282051282 0.26282051282051283 0.7435897435897436 0.26282051282051283 0.7403846153846154 0.266025641025641 0.7339743589743589 0.266025641025641 0.7307692307692307 0.26282051282051283 0.7339743589743589 0.25961538461538464 0.7339743589743589 0.25 0.7371794871794872 0.2467948717948718 0.7371794871794872 0.24358974358974358
0 0.5865384615384616 0.3814102564102564 0.5961538461538461 0.3814102564102564 0.5993589743589743 0.38461538461538464 0.6025641025641025 0.38461538461538464 0.6025641025641025 0.391025641025641 0.6057692307692307 0.3942307692307692 0.6057692307692307 0.40064102564102566 0.5993589743589743 0.40705128205128205 0.5897435897435898 0.40705128205128205 0.5865384615384616 0.41025641025641024 0.5801282051282052 0.41025641025641024 0.5801282051282052 0.40705128205128205 0.5769230769230769 0.40384615384615385 0.5769230769230769 0.3974358974358974 0.5865384615384616 0.38461538461538464
0 0.14743589743589744 0.7756410256410257 0.15064102564102563 0.7788461538461539 0.16987179487179488 0.7788461538461539 0.17307692307692307 0.7756410256410257 0.17307692307692307 0.7852564102564102 0.1762820512820513 0.7884615384615384 0.1794871794871795 0.7884615384615384 0.1794871794871795 0.8012820512820513 0.18269230769230768 0.8044871794871795 0.18269230769230768 0.8141025641025641 0.16666666666666666 0.8301282051282052 0.16346153846153846 0.8301282051282052 0.15384615384615385 0.8365384615384616 0.13782051282051283 0.8365384615384616 0.1346153846153846 0.8397435897435898 0.12179487179487179 0.8397435897435898 0.10897435897435898 0.8269230769230769 0.10897435897435898 0.8237179487179487 0.11217948717948718 0.8205128205128205 0.11217948717948718 0.8173076923076923 0.12179487179487179 0.8076923076923077 0.12179487179487179 0.8044871794871795 0.13141025641025642 0.7948717948717948 0.13782051282051283 0.7788461538461539 0.14423076923076922 0.7788461538461539
0 0.36217948717948717 0.6089743589743589 0.36538461538461536 0.6121794871794872 0.3685897435897436 0.6121794871794872 0.3717948717948718 0.6089743589743589 0.3782051282051282 0.6089743589743589 0.375 0.6121794871794872 0.375 0.6153846153846154 0.3782051282051282 0.6185897435897436 0.3782051282051282 0.6378205128205128 0.3717948717948718 0.6474358974358975 0.3685897435897436 0.6474358974358975 0.36538461538461536 0.6506410256410257 0.3525641025641026 0.6506410256410257 0.34935897435897434 0.6538461538461539 0.33653846153846156 0.6538461538461539 0.3301282051282051 0.6474358974358975 0.3301282051282051 0.6346153846153846 0.34615384615384615 0.6185897435897436 0.34615384615384615 0.6121794871794872 0.34935897435897434 0.6089743589743589 0.358974358974359 0.6089743589743589
0 0.9391025641025641 0.10256410256410256 0.9423076923076923 0.10576923076923077 0.9423076923076923 0.11217948717948718 0.9391025641025641 0.11217948717948718 0.9358974358974359 0.11538461538461539 0.9294871794871795 0.11538461538461539 0.9294871794871795 0.10576923076923077 0.9326923076923077 0.10256410256410256 0.9358974358974359 0.10256410256410256
0 0.5288461538461539 0.42948717948717946 0.5384615384615384 0.42948717948717946 0.5544871794871795 0.4391025641025641 0.5544871794871795 0.4583333333333333 0.5480769230769231 0.4583333333333333 0.5448717948717948 0.46153846153846156 0.5352564102564102 0.46153846153846156 0.532051282051282 0.46474358974358976 0.5256410256410257 0.46474358974358976 0.5224358974358975 0.46794871794871795 0.5224358974358975 0.46474358974358976 0.5192307692307693 0.46153846153846156 0.5224358974358975 0.44551282051282054 0.5192307692307693 0.4423076923076923 0.5160256410256411 0.4423076923076923 0.5160256410256411 0.4391025641025641 0.5192307692307693 0.4423076923076923 0.5256410256410257 0.4423076923076923 0.5288461538461539 0.4391025641025641 0.5288461538461539 0.4326923076923077
0 0.9166666666666666 0.11538461538461539 0.9198717948717948 0.11858974358974358 0.9198717948717948 0.1282051282051282 0.9166666666666666 0.1282051282051282 0.9134615384615384 0.13141025641025642 0.9102564102564102 0.13141025641025642 0.907051282051282 0.1282051282051282 0.9102564102564102 0.11858974358974358 0.9134615384615384 0.11858974358974358
0 0.7980769230769231 0.21474358974358973 0.7980769230769231 0.20192307692307693 0.8012820512820513 0.1987179487179487 0.8108974358974359 0.1987179487179487 0.8141025641025641 0.20192307692307693 0.8141025641025641 0.21153846153846154 0.8108974358974359 0.21153846153846154 0.8076923076923077 0.21474358974358973 0.8012820512820513 0.21474358974358973