0 0.08333333333333333 0.05128205128205128 0.08333333333333333 0.060897435897435896 0.07692307692307693 0.060897435897435896 0.07371794871794872 0.057692307692307696 0.07371794871794872 0.05448717948717949 0.07692307692307693 0.05128205128205128 0.08012820512820513 0.05128205128205128
0 0.1762820512820513 0.13141025641025642 0.1794871794871795 0.1346153846153846 0.1794871794871795 0.14743589743589744 0.17307692307692307 0.14743589743589744 0.16346153846153846 0.14102564102564102 0.16346153846153846 0.13782051282051283 0.16987179487179488 0.13141025641025642 0.17307692307692307 0.13141025641025642
0 0.15064102564102563 0.10576923076923077 0.15384615384615385 0.10897435897435898 0.15384615384615385 0.12179487179487179 0.14423076923076922 0.12179487179487179 0.14102564102564102 0.11858974358974358 0.13782051282051283 0.11858974358974358 0.13782051282051283 0.11217948717948718 0.14423076923076922 0.10576923076923077 0.14743589743589744 0.10576923076923077
0 0.27884615384615385 0.22115384615384615 0.28525641025641024 0.23076923076923078 0.28525641025641024 0.2403846153846154 0.28846153846153844 0.24358974358974358 0.28525641025641024 0.2467948717948718 0.27884615384615385 0.2467948717948718 0.26282051282051283 0.23717948717948717 0.26282051282051283 0.23076923076923078 0.266025641025641 0.22756410256410256 0.27564102564102566 0.22435897435897437
0 0.41346153846153844 0.3717948717948718 0.4166666666666667 0.375 0.4198717948717949 0.375 0.4198717948717949 0.3782051282051282 0.42628205128205127 0.38461538461538464 0.42628205128205127 0.38782051282051283 0.42948717948717946 0.391025641025641 0.42948717948717946 0.3974358974358974 0.4230769230769231 0.40384615384615385 0.4198717948717949 0.40384615384615385 0.41025641025641024 0.3974358974358974 0.40705128205128205 0.3974358974358974 0.40064102564102566 0.391025641025641 0.40384615384615385 0.375 0.41025641025641024 0.375
0 0.7980769230769231 0.8044871794871795 0.8012820512820513 0.8076923076923077 0.8205128205128205 0.8076923076923077 0.8237179487179487 0.8044871794871795 0.8269230769230769 0.8076923076923077 0.8333333333333334 0.8076923076923077 0.8333333333333334 0.8141025641025641 0.8365384615384616 0.8173076923076923 0.8461538461538461 0.8397435897435898 0.8557692307692307 0.8493589743589743 0.8557692307692307 0.8525641025641025 0.8589743589743589 0.8557692307692307 0.8589743589743589 0.8589743589743589 0.8557692307692307 0.8621794871794872 0.8525641025641025 0.8621794871794872 0.842948717948718 0.8717948717948718 0.8333333333333334 0.8717948717948718 0.8269230769230769 0.8653846153846154 0.8141025641025641 0.8653846153846154 0.8108974358974359 0.8621794871794872 0.8012820512820513 0.8589743589743589 0.7852564102564102 0.8397435897435898 0.7852564102564102 0.8301282051282052 0.7916666666666666 0.8237179487179487 0.7916666666666666 0.8141025641025641 0.7948717948717948 0.8141025641025641 0.7980769230769231 0.8108974358974359 0.7980769230769231 0.8076923076923077
0 0.5256410256410257 0.5128205128205128 0.5448717948717948 0.5064102564102564 0.5480769230769231 0.5096153846153846 0.5480769230769231 0.5160256410256411 0.5576923076923077 0.532051282051282 0.5576923076923077 0.5384615384615384 0.5512820512820513 0.5448717948717948 0.5416666666666666 0.5448717948717948 0.5384615384615384 0.5416666666666666 0.532051282051282 0.5416666666666666 0.5224358974358975 0.5352564102564102 0.5224358974358975 0.5192307692307693 0.5256410256410257 0.5160256410256411
0 0.6089743589743589 0.6185897435897436 0.6153846153846154 0.6185897435897436 0.6185897435897436 0.6217948717948718 0.6378205128205128 0.6217948717948718 0.6410256410256411 0.625 0.6410256410256411 0.6346153846153846 0.6538461538461539 0.6474358974358975 0.6538461538461539 0.6602564102564102 0.6474358974358975 0.6666666666666666 0.6346153846153846 0.6666666666666666 0.6314102564102564 0.6634615384615384 0.6217948717948718 0.6634615384615384 0.6153846153846154 0.657051282051282 0.6121794871794872 0.657051282051282 0.6057692307692307 0.6474358974358975 0.6057692307692307 0.6346153846153846 0.6089743589743589 0.6314102564102564 0.6121794871794872 0.6217948717948718
0 0.09615384615384616 0.0641025641025641 0.09935897435897435 0.0673076923076923 0.10256410256410256 0.0673076923076923 0.10256410256410256 0.08012820512820513 0.09615384615384616 0.08012820512820513 0.09615384615384616 0.07692307692307693 0.09294871794871795 0.07371794871794872 0.08974358974358974 0.07371794871794872 0.08974358974358974 0.07051282051282051 0.09294871794871795 0.0673076923076923
0 0.44871794871794873 0.4326923076923077 0.4551282051282051 0.4326923076923077 0.46474358974358976 0.42628205128205127 0.47435897435897434 0.42628205128205127 0.47435897435897434 0.4358974358974359 0.4775641025641026 0.4391025641025641 0.48717948717948717 0.4391025641025641 0.4775641025641026 0.44551282051282054 0.4775641025641026 0.44871794871794873 0.4807692307692308 0.4519230769230769 0.4807692307692308 0.4583333333333333 0.4775641025641026 0.46153846153846156 0.4775641025641026 0.46474358974358976 0.47435897435897434 0.46153846153846156 0.46794871794871795 0.46153846153846156 0.46474358974358976 0.4583333333333333 0.4551282051282051 0.4583333333333333 0.4519230769230769 0.4551282051282051 0.44871794871794873 0.4551282051282051 0.44551282051282054 0.4519230769230769 0.44551282051282054 0.4423076923076923 0.44871794871794873 0.4391025641025641 0.44871794871794873 0.4358974358974359
0 0.11538461538461539 0.08012820512820513 0.11858974358974358 0.08333333333333333 0.12179487179487179 0.08333333333333333 0.12179487179487179 0.08974358974358974 0.125 0.09294871794871795 0.12179487179487179 0.09615384615384616 0.11538461538461539 0.09615384615384616 0.11217948717948718 0.09294871794871795 0.11217948717948718 0.08333333333333333
