0 0.2467948717948718 0.20512820512820512 0.25 0.20833333333333334 0.2532051282051282 0.20833333333333334 0.2564102564102564 0.21794871794871795 0.26282051282051283 0.22435897435897437 0.26282051282051283 0.23076923076923078 0.2532051282051282 0.23076923076923078 0.25 0.23397435897435898 0.24358974358974358 0.23397435897435898 0.24358974358974358 0.23076923076923078 0.23397435897435898 0.21474358974358973 0.2403846153846154 0.20833333333333334 0.24358974358974358 0.20833333333333334
0 0.11217948717948718 0.6410256410256411 0.11217948717948718 0.6442307692307693 0.11858974358974358 0.6506410256410257 0.11858974358974358 0.657051282051282 0.12179487179487179 0.6602564102564102 0.12179487179487179 0.6698717948717948 0.11217948717948718 0.6762820512820513 0.10256410256410256 0.6762820512820513 0.09615384615384616 0.6826923076923077 0.09615384615384616 0.6858974358974359 0.09294871794871795 0.6858974358974359 0.08653846153846154 0.6794871794871795 0.08653846153846154 0.6698717948717948 0.08333333333333333 0.6666666666666666 0.08333333333333333 0.6602564102564102 0.09294871794871795 0.6538461538461539 0.08974358974358974 0.6506410256410257 0.09615384615384616 0.6506410256410257 0.10576923076923077 0.6442307692307693 0.10897435897435898 0.6442307692307693
0 0.1955128205128205 0.13782051282051283 0.1987179487179487 0.14102564102564102 0.20512820512820512 0.14102564102564102 0.21153846153846154 0.14743589743589744 0.21153846153846154 0.16346153846153846 0.1955128205128205 0.16346153846153846 0.1891025641025641 0.15705128205128205 0.1891025641025641 0.15384615384615385 0.1858974358974359 0.15064102564102563 0.19230769230769232 0.14423076923076922 0.19230769230769232 0.14102564102564102
0 0.5576923076923077 0.8653846153846154 0.5705128205128205 0.8782051282051282 0.5705128205128205 0.8814102564102564 0.5737179487179487 0.8846153846153846 0.5737179487179487 0.8942307692307693 0.5769230769230769 0.8974358974358975 0.5769230769230769 0.9038461538461539 0.5673076923076923 0.9134615384615384 0.5576923076923077 0.9134615384615384 0.5544871794871795 0.9166666666666666 0.5512820512820513 0.9166666666666666 0.5480769230769231 0.9198717948717948 0.5416666666666666 0.9198717948717948 0.5384615384615384 0.9230769230769231 0.5256410256410257 0.9230769230769231 0.5192307692307693 0.907051282051282 0.5160256410256411 0.9038461538461539 0.5128205128205128 0.9038461538461539 0.5128205128205128 0.8942307692307693 0.5160256410256411 0.8942307692307693 0.5288461538461539 0.8846153846153846 0.532051282051282 0.8846153846153846 0.5416666666666666 0.8717948717948718 0.5416666666666666 0.8685897435897436 0.5480769230769231 0.8685897435897436 0.5512820512820513 0.8653846153846154 0.5544871794871795 0.8653846153846154
0 0.28205128205128205 0.9839743589743589 0.28525641025641024 0.9871794871794872 0.28846153846153844 0.9871794871794872 0.2916666666666667 0.9839743589743589 0.30448717948717946 0.9839743589743589 0.3076923076923077 0.9871794871794872 0.3076923076923077 0.9967948717948718 0.266025641025641 0.9967948717948718 0.266025641025641 0.9935897435897436 0.2692307692307692 0.9935897435897436 0.2724358974358974 0.9903846153846154 0.2724358974358974 0.9871794871794872 0.27564102564102566 0.9839743589743589 0.27884615384615385 0.9839743589743589
0 0.17307692307692307 0.12179487179487179 0.1762820512820513 0.125 0.1794871794871795 0.125 0.1891025641025641 0.1346153846153846 0.1891025641025641 0.13782051282051283 0.1794871794871795 0.14743589743589744 0.1762820512820513 0.14423076923076922 0.16346153846153846 0.14423076923076922 0.15705128205128205 0.1346153846153846 0.15705128205128205 0.13141025641025642 0.16666666666666666 0.12179487179487179 0.16987179487179488 0.12179487179487179
0 0.2564102564102564 0.14102564102564102 0.25961538461538464 0.14102564102564102 0.26282051282051283 0.14423076923076922 0.2692307692307692 0.14423076923076922 0.2692307692307692 0.14743589743589744 0.2724358974358974 0.15064102564102563 0.27564102564102566 0.15064102564102563 0.27564102564102566 0.16346153846153846 0.266025641025641 0.16666666666666666 0.2532051282051282 0.15705128205128205 0.2532051282051282 0.14743589743589744 0.2564102564102564 0.14423076923076922
0 0.28525641025641024 0.23076923076923078 0.2916666666666667 0.23076923076923078 0.2948717948717949 0.23397435897435898 0.2980769230769231 0.23397435897435898 0.3076923076923077 0.2467948717948718 0.3076923076923077 0.2564102564102564 0.30448717948717946 0.2564102564102564 0.2948717948717949 0.26282051282051283 0.2916666666666667 0.25961538461538464 0.28846153846153844 0.25961538461538464 0.28846153846153844 0.2564102564102564 0.27884615384615385 0.2467948717948718 0.27884615384615385 0.23717948717948717 0.28205128205128205 0.23717948717948717 0.28525641025641024 0.23397435897435898
0 0.21794871794871795 0.16666666666666666 0.22756410256410256 0.16666666666666666 0.23397435897435898 0.17307692307692307 0.23397435897435898 0.1794871794871795 0.23717948717948717 0.18269230769230768 0.2403846153846154 0.18269230769230768 0.2403846153846154 0.1858974358974359 0.23717948717948717 0.1891025641025641 0.23076923076923078 0.1891025641025641 0.22756410256410256 0.19230769230769232 0.22435897435897437 0.19230769230769232 0.21474358974358973 0.18269230769230768 0.21474358974358973 0.17307692307692307 0.21794871794871795 0.16987179487179488
0 0.44551282051282054 0.358974358974359 0.44551282051282054 0.36217948717948717 0.4519230769230769 0.3717948717948718 0.4519230769230769 0.3782051282051282 0.44871794871794873 0.3814102564102564 0.4391025641025641 0.3814102564102564 0.4358974358974359 0.38461538461538464 0.4326923076923077 0.38461538461538464 0.4198717948717949 0.3685897435897436 0.4198717948717949 0.358974358974359 0.42628205128205127 0.3525641025641026 0.4358974358974359 0.3525641025641026 0.4423076923076923 0.358974358974359
0 0.6506410256410257 0.6346153846153846 0.6602564102564102 0.6346153846153846 0.6602564102564102 0.6378205128205128 0.6634615384615384 0.6410256410256411 0.6666666666666666 0.6378205128205128 0.6730769230769231 0.6442307692307693 0.6730769230769231 0.6506410256410257 0.6858974358974359 0.6730769230769231 0.6858974358974359 0.6826923076923077 0.6794871794871795 0.6891025641025641 0.6730769230769231 0.6891025641025641 0.6698717948717948 0.6923076923076923 0.6634615384615384 0.6923076923076923 0.6602564102564102 0.6955128205128205 0.6602564102564102 0.6923076923076923 0.6538461538461539 0.6858974358974359 0.6538461538461539 0.6762820512820513 0.6506410256410257 0.6730769230769231 0.6474358974358975 0.6730769230769231 0.6474358974358975 0.6634615384615384 0.6442307692307693 0.6602564102564102 0.6442307692307693 0.6538461538461539 0.6410256410256411 0.6506410256410257 0.6410256410256411 0.6474358974358975 0.6506410256410257 0.6378205128205128
0 0.5256410256410257 0.483974358974359 0.5288461538461539 0.48717948717948717 0.5352564102564102 0.48717948717948717 0.5416666666666666 0.4935897435897436 0.5416666666666666 0.4967948717948718 0.5512820512820513 0.5064102564102564 0.5512820512820513 0.5160256410256411 0.5480769230769231 0.5192307692307693 0.5416666666666666 0.5192307692307693 0.5384615384615384 0.5224358974358975 0.5384615384615384 0.5256410256410257 0.532051282051282 0.5256410256410257 0.532051282051282 0.5224358974358975 0.5192307692307693 0.5128205128205128 0.5192307692307693 0.5064102564102564 0.5128205128205128 0.5 0.5128205128205128 0.4967948717948718 0.5224358974358975 0.48717948717948717
0 0.358974358974359 0.30128205128205127 0.36217948717948717 0.30448717948717946 0.36217948717948717 0.3076923076923077 0.36538461538461536 0.3108974358974359 0.3685897435897436 0.3108974358974359 0.3685897435897436 0.3269230769230769 0.36217948717948717 0.3269230769230769 0.358974358974359 0.3301282051282051 0.3557692307692308 0.3301282051282051 0.34935897435897434 0.32371794871794873 0.34615384615384615 0.32371794871794873 0.34294871794871795 0.32051282051282054 0.34294871794871795 0.3141025641025641 0.33974358974358976 0.3108974358974359 0.33974358974358976 0.3076923076923077 0.34935897435897434 0.2980769230769231 0.3525641025641026 0.2980769230769231 0.3557692307692308 0.30128205128205127
0 0.28846153846153844 0.18269230769230768 0.30128205128205127 0.18269230769230768 0.3076923076923077 0.1891025641025641 0.3076923076923077 0.20192307692307693 0.30448717948717946 0.20192307692307693 0.30128205128205127 0.20512820512820512 0.2916666666666667 0.20512820512820512 0.28846153846153844 0.20192307692307693 0.28846153846153844 0.19230769230769232 0.28525641025641024 0.1891025641025641 0.28846153846153844 0.1858974358974359