0 0.08974358974358974 0.22115384615384615 0.09615384615384616 0.22115384615384615 0.09935897435897435 0.22435897435897437 0.10256410256410256 0.22435897435897437 0.10256410256410256 0.23076923076923078 0.10576923076923077 0.23397435897435898 0.10256410256410256 0.23397435897435898 0.09935897435897435 0.23717948717948717 0.09615384615384616 0.23717948717948717 0.09294871794871795 0.23397435897435898 0.08653846153846154 0.23397435897435898 0.08653846153846154 0.22756410256410256 0.08974358974358974 0.22435897435897437
0 0.2980769230769231 0.33653846153846156 0.3076923076923077 0.33653846153846156 0.32051282051282054 0.34935897435897434 0.3173076923076923 0.358974358974359 0.2980769230769231 0.358974358974359 0.2948717948717949 0.3557692307692308 0.2948717948717949 0.34615384615384615 0.2980769230769231 0.34294871794871795 0.2980769230769231 0.33974358974358976
0 0.0673076923076923 0.20192307692307693 0.07051282051282051 0.20512820512820512 0.07051282051282051 0.21794871794871795 0.057692307692307696 0.21794871794871795 0.05448717948717949 0.21474358974358973 0.057692307692307696 0.20512820512820512 0.060897435897435896 0.20192307692307693 0.0641025641025641 0.20192307692307693
0 0.21794871794871795 0.28205128205128205 0.22756410256410256 0.2916666666666667 0.22756410256410256 0.2980769230769231 0.23076923076923078 0.30128205128205127 0.23076923076923078 0.30448717948717946 0.22756410256410256 0.3076923076923077 0.22435897435897437 0.3076923076923077 0.22115384615384615 0.30448717948717946 0.20833333333333334 0.30448717948717946 0.20512820512820512 0.30128205128205127 0.20833333333333334 0.2916666666666667 0.21474358974358973 0.28525641025641024
0 0.8878205128205128 0.717948717948718 0.8910256410256411 0.7211538461538461 0.8942307692307693 0.7211538461538461 0.8974358974358975 0.717948717948718 0.8974358974358975 0.7211538461538461 0.907051282051282 0.7307692307692307 0.907051282051282 0.7339743589743589 0.9134615384615384 0.7403846153846154 0.9166666666666666 0.7403846153846154 0.9230769230769231 0.75 0.9262820512820513 0.75 0.9294871794871795 0.7532051282051282 0.9294871794871795 0.7564102564102564 0.9326923076923077 0.7596153846153846 0.9326923076923077 0.7660256410256411 0.9198717948717948 0.7788461538461539 0.9102564102564102 0.7788461538461539 0.907051282051282 0.7756410256410257 0.9038461538461539 0.7756410256410257 0.9006410256410257 0.7788461538461539 0.8910256410256411 0.7788461538461539 0.8814102564102564 0.7724358974358975 0.8782051282051282 0.7756410256410257 0.8685897435897436 0.7660256410256411 0.8653846153846154 0.7660256410256411 0.8589743589743589 0.7596153846153846 0.8589743589743589 0.7339743589743589 0.8621794871794872 0.7339743589743589 0.8653846153846154 0.7307692307692307 0.8621794871794872 0.7275641025641025 0.8621794871794872 0.7211538461538461 0.8653846153846154 0.7243589743589743 0.875 0.7243589743589743 0.8782051282051282 0.7211538461538461 0.8846153846153846 0.7211538461538461
0 0.5512820512820513 0.5352564102564102 0.5480769230769231 0.532051282051282 0.5416666666666666 0.532051282051282 0.5384615384615384 0.5288461538461539 0.532051282051282 0.5288461538461539 0.5288461538461539 0.5256410256410257 0.5288461538461539 0.5064102564102564 0.5352564102564102 0.5 0.5448717948717948 0.4967948717948718 0.5608974358974359 0.5128205128205128 0.5608974358974359 0.5160256410256411 0.5641025641025641 0.5192307692307693 0.5641025641025641 0.5288461538461539 0.5608974358974359 0.532051282051282 0.5544871794871795 0.532051282051282
0 0.6602564102564102 0.5833333333333334 0.6634615384615384 0.5865384615384616 0.6666666666666666 0.5865384615384616 0.6666666666666666 0.592948717948718 0.6730769230769231 0.5993589743589743 0.6762820512820513 0.5993589743589743 0.6826923076923077 0.6057692307692307 0.6858974358974359 0.6057692307692307 0.6858974358974359 0.6153846153846154 0.6891025641025641 0.6185897435897436 0.6826923076923077 0.625 0.6826923076923077 0.6282051282051282 0.6698717948717948 0.6282051282051282 0.6666666666666666 0.625 0.6634615384615384 0.6282051282051282 0.6538461538461539 0.6282051282051282 0.6506410256410257 0.625 0.6442307692307693 0.625 0.6410256410256411 0.6217948717948718 0.6410256410256411 0.6185897435897436 0.6378205128205128 0.6153846153846154 0.6378205128205128 0.6025641025641025 0.6346153846153846 0.5993589743589743 0.6378205128205128 0.5961538461538461 0.6378205128205128 0.592948717948718 0.6346153846153846 0.5897435897435898 0.6474358974358975 0.5897435897435898 0.6506410256410257 0.5865384615384616 0.657051282051282 0.5865384615384616
0 0 0.1762820512820513 0.009615384615384616 0.1762820512820513 0.01282051282051282 0.1794871794871795 0.01282051282051282 0.1891025641025641 0.00641025641025641 0.1891025641025641 0.003205128205128205 0.1858974358974359 0 0.1858974358974359 0 0.1794871794871795
0 0.47115384615384615 0.4423076923076923 0.47115384615384615 0.44551282051282054 0.46794871794871795 0.44871794871794873 0.46794871794871795 0.4551282051282051 0.47115384615384615 0.4583333333333333 0.47115384615384615 0.46794871794871795 0.46794871794871795 0.47115384615384615 0.4583333333333333 0.47115384615384615 0.4551282051282051 0.46794871794871795 0.4358974358974359 0.46794871794871795 0.4358974358974359 0.4551282051282051 0.4326923076923077 0.4519230769230769 0.4326923076923077 0.44871794871794873 0.4358974358974359 0.44551282051282054 0.4391025641025641 0.44551282051282054 0.44871794871794873 0.4358974358974359 0.4583333333333333 0.4358974358974359 0.4583333333333333 0.44551282051282054 0.46153846153846156 0.44871794871794873 0.46474358974358976 0.44551282051282054 0.46794871794871795 0.44551282051282054
0 0.02564102564102564 0.1858974358974359 0.035256410256410256 0.19230769230769232 0.035256410256410256 0.1987179487179487 0.03205128205128205 0.20192307692307693 0.028846153846153848 0.1987179487179487 0.022435897435897436 0.1987179487179487 0.022435897435897436 0.1891025641025641
0 0.14102564102564102 0.26282051282051283 0.14102564102564102 0.2532051282051282 0.14423076923076922 0.25 0.15384615384615385 0.25 0.15705128205128205 0.2532051282051282 0.15705128205128205 0.266025641025641 0.14743589743589744 0.266025641025641 0.14423076923076922 0.26282051282051283 0.14102564102564102 0.266025641025641