0 0.2532051282051282 0.20192307692307693 0.26282051282051283 0.21153846153846154 0.26282051282051283 0.21474358974358973 0.2692307692307692 0.22435897435897437 0.266025641025641 0.22435897435897437 0.2564102564102564 0.23076923076923078 0.2532051282051282 0.23076923076923078 0.24358974358974358 0.22115384615384615 0.24358974358974358 0.21474358974358973 0.2403846153846154 0.21153846153846154 0.2403846153846154 0.20833333333333334 0.2467948717948718 0.20192307692307693 0.25 0.20192307692307693
0 0.11538461538461539 0.6410256410256411 0.11538461538461539 0.6506410256410257 0.12179487179487179 0.657051282051282 0.12179487179487179 0.6602564102564102 0.10897435897435898 0.6698717948717948 0.09935897435897435 0.6698717948717948 0.09294871794871795 0.6762820512820513 0.09294871794871795 0.6794871794871795 0.08974358974358974 0.6794871794871795 0.08974358974358974 0.6762820512820513 0.08653846153846154 0.6730769230769231 0.08333333333333333 0.6730769230769231 0.08333333333333333 0.6602564102564102 0.08012820512820513 0.657051282051282 0.08012820512820513 0.6538461538461539 0.08333333333333333 0.6506410256410257 0.08653846153846154 0.6506410256410257 0.09294871794871795 0.6410256410256411 0.09935897435897435 0.6410256410256411 0.10576923076923077 0.6346153846153846 0.10897435897435898 0.6346153846153846 0.10897435897435898 0.6378205128205128 0.11217948717948718 0.6410256410256411
0 0.1987179487179487 0.1346153846153846 0.20833333333333334 0.1346153846153846 0.21153846153846154 0.13782051282051283 0.21474358974358973 0.13782051282051283 0.21474358974358973 0.14102564102564102 0.21794871794871795 0.14423076923076922 0.21794871794871795 0.15705128205128205 0.21153846153846154 0.15705128205128205 0.20833333333333334 0.16025641025641027 0.20512820512820512 0.16025641025641027 0.1987179487179487 0.15384615384615385 0.1955128205128205 0.15384615384615385 0.1955128205128205 0.15064102564102563 0.19230769230769232 0.14743589743589744 0.19230769230769232 0.14423076923076922 0.1987179487179487 0.13782051282051283
0 0.5352564102564102 0.8685897435897436 0.5448717948717948 0.8685897435897436 0.5480769230769231 0.8653846153846154 0.5512820512820513 0.8653846153846154 0.5512820512820513 0.8685897435897436 0.5641025641025641 0.8782051282051282 0.5641025641025641 0.8846153846153846 0.5673076923076923 0.8878205128205128 0.5673076923076923 0.9006410256410257 0.5705128205128205 0.9038461538461539 0.5641025641025641 0.9102564102564102 0.5641025641025641 0.9134615384615384 0.5544871794871795 0.9134615384615384 0.5512820512820513 0.9166666666666666 0.5448717948717948 0.9166666666666666 0.5352564102564102 0.9230769230769231 0.5192307692307693 0.9230769230769231 0.5160256410256411 0.9198717948717948 0.5160256410256411 0.9134615384615384 0.5064102564102564 0.9038461538461539 0.5064102564102564 0.8942307692307693 0.5096153846153846 0.8942307692307693 0.5224358974358975 0.8846153846153846 0.5256410256410257 0.8846153846153846 0.5352564102564102 0.8717948717948718
0 0.266025641025641 0.9807692307692307 0.27564102564102566 0.9807692307692307 0.27884615384615385 0.9839743589743589 0.28205128205128205 0.9807692307692307 0.2980769230769231 0.9807692307692307 0.2980769230769231 0.9903846153846154 0.30128205128205127 0.9935897435897436 0.30128205128205127 0.9967948717948718 0.2403846153846154 0.9967948717948718 0.25 0.9967948717948718 0.266025641025641 0.9839743589743589
0 0.1891025641025641 0.12179487179487179 0.1955128205128205 0.1282051282051282 0.1955128205128205 0.13141025641025642 0.19230769230769232 0.1346153846153846 0.19230769230769232 0.13782051282051283 0.1891025641025641 0.13782051282051283 0.1858974358974359 0.14102564102564102 0.18269230769230768 0.14102564102564102 0.1794871794871795 0.13782051282051283 0.1762820512820513 0.14102564102564102 0.17307692307692307 0.13782051282051283 0.16987179487179488 0.13782051282051283 0.16346153846153846 0.1282051282051282 0.16666666666666666 0.125 0.16666666666666666 0.12179487179487179 0.1762820512820513 0.11538461538461539 0.1794871794871795 0.11538461538461539 0.1858974358974359 0.12179487179487179
0 0.28205128205128205 0.14743589743589744 0.28205128205128205 0.15705128205128205 0.27884615384615385 0.16025641025641027 0.266025641025641 0.16025641025641027 0.25961538461538464 0.15064102564102563 0.25961538461538464 0.14102564102564102 0.26282051282051283 0.13782051282051283 0.2724358974358974 0.13782051282051283 0.27884615384615385 0.14743589743589744
0 0.2980769230769231 0.22756410256410256 0.3076923076923077 0.23717948717948717 0.3076923076923077 0.2403846153846154 0.3141025641025641 0.25 0.30448717948717946 0.2564102564102564 0.2948717948717949 0.2564102564102564 0.2948717948717949 0.2532051282051282 0.28525641025641024 0.2467948717948718 0.28525641025641024 0.2403846153846154 0.28205128205128205 0.23717948717948717 0.28205128205128205 0.23397435897435898 0.28525641025641024 0.23397435897435898 0.2916666666666667 0.22756410256410256 0.2948717948717949 0.22756410256410256
0 0.22115384615384615 0.16346153846153846 0.23076923076923078 0.16025641025641027 0.2403846153846154 0.16987179487179488 0.2403846153846154 0.17307692307692307 0.24358974358974358 0.1762820512820513 0.24358974358974358 0.18269230769230768 0.2403846153846154 0.1858974358974359 0.22756410256410256 0.1858974358974359 0.22115384615384615 0.1794871794871795 0.22115384615384615 0.16666666666666666
0 0.44551282051282054 0.3557692307692308 0.4519230769230769 0.36217948717948717 0.4519230769230769 0.3717948717948718 0.4551282051282051 0.375 0.4551282051282051 0.3782051282051282 0.4519230769230769 0.3782051282051282 0.44871794871794873 0.3814102564102564 0.4326923076923077 0.3814102564102564 0.42628205128205127 0.375 0.42628205128205127 0.3717948717948718 0.4198717948717949 0.36217948717948717 0.4198717948717949 0.358974358974359 0.4230769230769231 0.358974358974359 0.4326923076923077 0.34935897435897434 0.4358974358974359 0.34935897435897434 0.4423076923076923 0.3557692307692308
0 0.6506410256410257 0.6346153846153846 0.6538461538461539 0.6378205128205128 0.6698717948717948 0.6442307692307693 0.6698717948717948 0.6538461538461539 0.6762820512820513 0.6602564102564102 0.6762820512820513 0.6666666666666666 0.6826923076923077 0.6762820512820513 0.6826923076923077 0.6858974358974359 0.6762820512820513 0.6923076923076923 0.6698717948717948 0.6923076923076923 0.6666666666666666 0.6955128205128205 0.6602564102564102 0.6955128205128205 0.657051282051282 0.6987179487179487 0.657051282051282 0.6955128205128205 0.6506410256410257 0.6891025641025641 0.6506410256410257 0.6794871794871795 0.6474358974358975 0.6762820512820513 0.6442307692307693 0.6762820512820513 0.6442307692307693 0.6634615384615384 0.6378205128205128 0.6538461538461539 0.6378205128205128 0.6506410256410257 0.6474358974358975 0.6410256410256411 0.6474358974358975 0.6378205128205128
0 0.5256410256410257 0.483974358974359 0.5288461538461539 0.48717948717948717 0.5352564102564102 0.48717948717948717 0.5512820512820513 0.5064102564102564 0.5512820512820513 0.5128205128205128 0.5480769230769231 0.5160256410256411 0.5480769230769231 0.5192307692307693 0.5416666666666666 0.5192307692307693 0.5384615384615384 0.5224358974358975 0.5384615384615384 0.5256410256410257 0.532051282051282 0.5256410256410257 0.5192307692307693 0.5128205128205128 0.5192307692307693 0.5064102564102564 0.5128205128205128 0.5 0.5128205128205128 0.4967948717948718 0.5224358974358975 0.48717948717948717
0 0.36538461538461536 0.30128205128205127 0.36538461538461536 0.30448717948717946 0.3685897435897436 0.3076923076923077 0.3717948717948718 0.3076923076923077 0.3717948717948718 0.32371794871794873 0.3685897435897436 0.32371794871794873 0.36538461538461536 0.3269230769230769 0.358974358974359 0.3269230769230769 0.3557692307692308 0.32371794871794873 0.3525641025641026 0.32371794871794873 0.34615384615384615 0.3173076923076923 0.34615384615384615 0.3108974358974359 0.34294871794871795 0.3076923076923077 0.34294871794871795 0.30448717948717946 0.34615384615384615 0.30448717948717946 0.3525641025641026 0.2948717948717949 0.3557692307692308 0.2948717948717949 0.36217948717948717 0.30128205128205127
0 0.3076923076923077 0.1794871794871795 0.3141025641025641 0.1891025641025641 0.3141025641025641 0.1987179487179487 0.3076923076923077 0.1987179487179487 0.30448717948717946 0.20192307692307693 0.2980769230769231 0.20192307692307693 0.2948717948717949 0.1987179487179487 0.2948717948717949 0.19230769230769232 0.2916666666666667 0.1891025641025641 0.2916666666666667 0.18269230769230768 0.2948717948717949 0.1794871794871795 0.30448717948717946 0.1794871794871795