0 0.9006410256410257 0.5865384615384616 0.9166666666666666 0.5897435897435898 0.9198717948717948 0.592948717948718 0.9230769230769231 0.592948717948718 0.9230769230769231 0.5961538461538461 0.9326923076923077 0.6025641025641025 0.9326923076923077 0.6089743589743589 0.9294871794871795 0.6121794871794872 0.9294871794871795 0.6217948717948718 0.9262820512820513 0.625 0.9262820512820513 0.6282051282051282 0.9230769230769231 0.6282051282051282 0.9166666666666666 0.6185897435897436 0.8974358974358975 0.6185897435897436 0.8910256410256411 0.6089743589743589 0.8974358974358975 0.6025641025641025 0.8974358974358975 0.592948717948718 0.9006410256410257 0.5897435897435898
0 0.7371794871794872 0.125 0.7371794871794872 0.12179487179487179 0.7339743589743589 0.11858974358974358 0.7339743589743589 0.11217948717948718 0.7371794871794872 0.10897435897435898 0.7371794871794872 0.10576923076923077 0.7467948717948718 0.09935897435897435 0.75 0.09935897435897435 0.7596153846153846 0.11217948717948718 0.75 0.125 0.7403846153846154 0.125
0 0.49038461538461536 0.8685897435897436 0.5 0.8685897435897436 0.5032051282051282 0.8717948717948718 0.5064102564102564 0.8717948717948718 0.5192307692307693 0.8846153846153846 0.5224358974358975 0.8846153846153846 0.532051282051282 0.8910256410256411 0.5384615384615384 0.8910256410256411 0.5384615384615384 0.9038461538461539 0.532051282051282 0.9102564102564102 0.532051282051282 0.9198717948717948 0.5288461538461539 0.9230769230769231 0.5096153846153846 0.9230769230769231 0.5064102564102564 0.9198717948717948 0.5 0.9198717948717948 0.4967948717948718 0.9166666666666666 0.483974358974359 0.9166666666666666 0.4775641025641026 0.9102564102564102 0.4775641025641026 0.8846153846153846 0.4807692307692308 0.8846153846153846 0.49038461538461536 0.8717948717948718
0 0.7852564102564102 0.9455128205128205 0.7948717948717948 0.9583333333333334 0.7980769230769231 0.9583333333333334 0.8012820512820513 0.9615384615384616 0.8173076923076923 0.9615384615384616 0.8173076923076923 0.9711538461538461 0.8108974358974359 0.9807692307692307 0.8108974358974359 0.9871794871794872 0.8076923076923077 0.9903846153846154 0.7916666666666666 0.9903846153846154 0.7884615384615384 0.9871794871794872 0.7564102564102564 0.9871794871794872 0.7532051282051282 0.9839743589743589 0.75 0.9743589743589743 0.7564102564102564 0.967948717948718 0.7564102564102564 0.9519230769230769 0.7756410256410257 0.9519230769230769 0.7788461538461539 0.9487179487179487 0.782051282051282 0.9487179487179487
0 0.6698717948717948 0.20192307692307693 0.6794871794871795 0.21153846153846154 0.6794871794871795 0.22115384615384615 0.6730769230769231 0.22756410256410256 0.6730769230769231 0.23076923076923078 0.6698717948717948 0.23397435897435898 0.6602564102564102 0.23397435897435898 0.657051282051282 0.23076923076923078 0.6538461538461539 0.23076923076923078 0.6538461538461539 0.22115384615384615 0.657051282051282 0.21794871794871795 0.657051282051282 0.21153846153846154 0.6634615384615384 0.20512820512820512 0.6666666666666666 0.20512820512820512
0 0.7115384615384616 0.15384615384615385 0.7147435897435898 0.13782051282051283 0.7211538461538461 0.13141025641025642 0.7307692307692307 0.13141025641025642 0.7307692307692307 0.1346153846153846 0.7339743589743589 0.13782051282051283 0.7339743589743589 0.15064102564102563 0.7243589743589743 0.15705128205128205 0.717948717948718 0.15705128205128205 0.7147435897435898 0.15384615384615385
0 0.5480769230769231 0.34294871794871795 0.5544871794871795 0.34935897435897434 0.5576923076923077 0.34935897435897434 0.5576923076923077 0.358974358974359 0.5544871794871795 0.36217948717948717 0.5544871794871795 0.3685897435897436 0.5480769230769231 0.375 0.5288461538461539 0.375 0.5288461538461539 0.358974358974359 0.532051282051282 0.3557692307692308 0.532051282051282 0.3525641025641026 0.5416666666666666 0.34294871794871795 0.5448717948717948 0.34294871794871795
0 0.358974358974359 0.6538461538461539 0.36538461538461536 0.6538461538461539 0.3782051282051282 0.6666666666666666 0.3782051282051282 0.6698717948717948 0.375 0.6730769230769231 0.375 0.6923076923076923 0.3685897435897436 0.6987179487179487 0.3685897435897436 0.7083333333333334 0.36538461538461536 0.7115384615384616 0.36538461538461536 0.717948717948718 0.358974358974359 0.7115384615384616 0.34294871794871795 0.7115384615384616 0.33653846153846156 0.7051282051282052 0.33653846153846156 0.6955128205128205 0.34294871794871795 0.6891025641025641 0.34294871794871795 0.6762820512820513 0.34615384615384615 0.6730769230769231 0.34615384615384615 0.6634615384615384 0.34935897435897434 0.6634615384615384 0.358974358974359 0.657051282051282
0 0.46794871794871795 0.48717948717948717 0.47115384615384615 0.49038461538461536 0.4807692307692308 0.4935897435897436 0.4807692307692308 0.4967948717948718 0.483974358974359 0.5 0.483974358974359 0.5032051282051282 0.4807692307692308 0.5064102564102564 0.4807692307692308 0.5128205128205128 0.47435897435897434 0.5192307692307693 0.47435897435897434 0.5224358974358975 0.47115384615384615 0.5224358974358975 0.46794871794871795 0.5256410256410257 0.46794871794871795 0.5288461538461539 0.46153846153846156 0.5288461538461539 0.4583333333333333 0.5256410256410257 0.4519230769230769 0.5256410256410257 0.44551282051282054 0.5160256410256411 0.4551282051282051 0.5032051282051282 0.4583333333333333 0.4935897435897436 0.46153846153846156 0.49038461538461536 0.46474358974358976 0.49038461538461536
0 0.6282051282051282 0.28525641025641024 0.6282051282051282 0.2980769230769231 0.6153846153846154 0.3108974358974359 0.6057692307692307 0.3108974358974359 0.5993589743589743 0.30448717948717946 0.6025641025641025 0.30128205128205127 0.6025641025641025 0.2916666666666667 0.6153846153846154 0.27884615384615385 0.6185897435897436 0.27884615384615385 0.625 0.28525641025641024
0 0.6634615384615384 0.15705128205128205 0.6634615384615384 0.1762820512820513 0.6602564102564102 0.1794871794871795 0.6442307692307693 0.1794871794871795 0.6442307692307693 0.16346153846153846 0.6506410256410257 0.15705128205128205 0.6602564102564102 0.15705128205128205